0 0.9125 0.57265625 0.11640625 0.06640625
1 0.67109375 0.7609375 0.18203125 0.09765625
1 0.03125 0.30390625 0.0625 0.0671875
1 0.12421875 0.7703125 0.1734375 0.11484375
1 0.30546875 0.77265625 0.1703125 0.10859375
0 0.96796875 0.39921875 0.0640625 0.06015625
0 0.8734375 0.425 0.09453125 0.0578125
0 0.97578125 0.4703125 0.04765625 0.06015625
1 0.30390625 0.6625 0.1671875 0.09609375
1 0.1359375 0.5640625 0.171875 0.08984375
1 0.13203125 0.66328125 0.1734375 0.08984375
1 0.484375 0.67578125 0.14921875 0.08984375
0 0.8546875 0.359375 0.0828125 0.05703125
1 0.603125 0.40546875 0.1453125 0.08671875
0 0.88984375 0.628125 0.0875 0.040625
0 0.8515625 0.2953125 0.09140625 0.0609375
0 0.959375 0.3171875 0.07421875 0.06015625
1 0.746875 0.40625 0.14296875 0.09375
0 0.95078125 0.2703125 0.0875 0.065625
1 0.79375 0.66328125 0.128125 0.084375
1 0.0359375 0.3953125 0.07109375 0.1046875
1 0.7328125 0.33359375 0.14375 0.06953125
1 0.03203125 0.49375 0.0640625 0.0921875
0 0.84296875 0.24453125 0.1203125 0.03203125
1 0.01796875 0.69765625 0.03515625 0.06953125
1 0.01953125 0.63359375 0.0390625 0.0640625
1 0.02578125 0.57734375 0.05078125 0.06875
1 0.64375 0.66171875 0.15 0.078125
1 0.7796875 0.58359375 0.134375 0.06640625
1 0.76328125 0.49140625 0.1640625 0.078125
1 0.59453125 0.325 0.134375 0.059375
1 0.61796875 0.484375 0.134375 0.071875
1 0.6296875 0.56875 0.1578125 0.0765625
1 0.47265625 0.58125 0.16015625 0.078125
1 0.303125 0.57265625 0.16796875 0.075
1 0.459375 0.49609375 0.15234375 0.08046875
1 0.4703125 0.41484375 0.14609375 0.071875
1 0.303125 0.4890625 0.14453125 0.071875
1 0.1375 0.48046875 0.15234375 0.06796875
1 0.153125 0.396875 0.1640625 0.06796875
1 0.3140625 0.3984375 0.15390625 0.0703125
1 0.45390625 0.3390625 0.15 0.06328125
1 0.303125 0.328125 0.13203125 0.059375
1 0.15234375 0.315625 0.14609375 0.071875
1 0.165625 0.2609375 0.165625 0.04921875
1 0.31171875 0.265625 0.15 0.04296875
1 0.44296875 0.2734375 0.1640625 0.053125
1 0.5875 0.2703125 0.14453125 0.04765625
1 0.725 0.275 0.14609375 0.0390625