1 0.66484375 0.8859375 0.13671875 0.16640625
1 0.06328125 0.20234375 0.10703125 0.10703125
1 0.36484375 0.8875 0.16015625 0.153125
1 0.5078125 0.94375 0.14609375 0.1109375
1 0.50859375 0.79765625 0.14453125 0.15
1 0.646875 0.73203125 0.125 0.13671875
1 0.05703125 0.32109375 0.1140625 0.1328125
1 0.37578125 0.71171875 0.15078125 0.1484375
1 0.22890625 0.3296875 0.1 0.10546875
1 0.053125 0.41171875 0.10625 0.08203125
1 0.509375 0.6328125 0.13984375 0.1265625
1 0.6421875 0.590625 0.125 0.1203125
1 0.38046875 0.56015625 0.14765625 0.103125
1 0.61328125 0.353125 0.11484375 0.11484375
1 0.3828125 0.42109375 0.13671875 0.1125
1 0.25703125 0.15 0.10234375 0.13671875
1 0.5 0.375 0.12734375 0.1140625
1 0.09296875 0.103125 0.15625 0.09140625
1 0.38515625 0.29921875 0.13046875 0.13125
1 0.59765625 0.24375 0.1109375 0.109375
1 0.49609375 0.26171875 0.11796875 0.11484375
1 0.61796875 0.45234375 0.11484375 0.09296875
1 0.49453125 0.14765625 0.1125 0.128125
1 0.221875 0.2515625 0.07734375 0.0796875
1 0.38984375 0.16328125 0.125 0.14921875
1 0.50078125 0.4890625 0.11015625 0.11796875