1 0.12109375 0.74375 0.03984375 0.075
1 0.04453125 0.309375 0.0328125 0.06640625
1 0.08203125 0.3078125 0.03046875 0.0578125
1 0.1171875 0.303125 0.0328125 0.05703125
1 0.04453125 0.37109375 0.0328125 0.0546875
1 0.046875 0.4328125 0.034375 0.05625
1 0.0453125 0.496875 0.03046875 0.06171875
1 0.046875 0.56015625 0.0296875 0.0609375
1 0.046875 0.625 0.03046875 0.06953125
1 0.04609375 0.690625 0.03125 0.06328125
1 0.04609375 0.7515625 0.03125 0.0609375
1 0.0796875 0.7484375 0.03828125 0.06484375
1 0.08203125 0.68671875 0.0328125 0.0578125
1 0.08046875 0.62265625 0.03203125 0.06953125
1 0.0828125 0.55703125 0.0265625 0.059375
1 0.084375 0.4953125 0.03125 0.06328125
1 0.084375 0.43125 0.03125 0.06328125
1 0.084375 0.36875 0.0328125 0.06484375
1 0.11875 0.3671875 0.0296875 0.0625
1 0.11875 0.43046875 0.02890625 0.05625
1 0.1203125 0.48984375 0.025 0.0640625
1 0.12265625 0.5546875 0.0296875 0.0671875
1 0.1234375 0.6171875 0.0265625 0.05859375
1 0.12109375 0.67734375 0.0296875 0.0625
1 0.45546875 0.8 0.02734375 0.10390625
1 0.45390625 0.70078125 0.03359375 0.09453125
1 0.45078125 0.6078125 0.028125 0.08828125
1 0.446875 0.51328125 0.03359375 0.1015625
1 0.44296875 0.41484375 0.02578125 0.096875
1 0.43828125 0.3203125 0.03203125 0.08984375
1 0.46875 0.31484375 0.034375 0.08515625
1 0.47421875 0.40546875 0.02265625 0.1015625
1 0.47890625 0.503125 0.0328125 0.09453125
1 0.48515625 0.596875 0.0203125 0.09453125
1 0.490625 0.69140625 0.03203125 0.09921875
1 0.4953125 0.79453125 0.021875 0.10859375
1 0.525 0.79296875 0.028125 0.11875
1 0.521875 0.68828125 0.0296875 0.08984375
1 0.51796875 0.59765625 0.0234375 0.090625
1 0.5125 0.5 0.0328125 0.103125
1 0.50234375 0.40859375 0.02734375 0.09765625
1 0.50078125 0.31171875 0.02890625 0.0890625
1 0.52421875 0.30859375 0.03359375 0.08359375
1 0.5265625 0.4 0.0265625 0.09375
1 0.534375 0.49609375 0.03203125 0.090625
1 0.54140625 0.5921875 0.02421875 0.09609375
1 0.5453125 0.68828125 0.0296875 0.0859375
1 0.55078125 0.784375 0.021875 0.0953125
1 0.83125 0.7484375 0.08125 0.06640625
1 0.76015625 0.765625 0.078125 0.06796875
1 0.69609375 0.7671875 0.0609375 0.0734375
1 0.6921875 0.7 0.05546875 0.0640625
1 0.68515625 0.6328125 0.05859375 0.0609375
1 0.6828125 0.56484375 0.0546875 0.0734375
1 0.67890625 0.49375 0.0625 0.0671875
1 0.67578125 0.42578125 0.05625 0.0703125
1 0.67265625 0.35703125 0.06015625 0.0671875
1 0.66953125 0.2921875 0.0546875 0.0625
1 0.72734375 0.2875 0.06171875 0.0546875
1 0.728125 0.34765625 0.059375 0.06640625
1 0.73125 0.41328125 0.065625 0.06640625
1 0.7328125 0.4796875 0.0609375 0.065625
1 0.74140625 0.54609375 0.06328125 0.07109375
1 0.7453125 0.61796875 0.065625 0.065625
1 0.75078125 0.690625 0.06484375 0.06640625
1 0.821875 0.678125 0.075 0.06171875
1 0.8109375 0.61328125 0.0671875 0.0703125
1 0.80703125 0.53984375 0.071875 0.0546875
1 0.80078125 0.47578125 0.0609375 0.0734375
1 0.796875 0.40546875 0.06796875 0.0578125
1 0.790625 0.33828125 0.05546875 0.0640625
1 0.78671875 0.28203125 0.0609375 0.0375
1 0.6546875 0.96796875 0.04609375 0.05546875
1 0.65078125 0.88828125 0.03828125 0.10078125
1 0.64453125 0.79140625 0.04921875 0.09453125
1 0.63359375 0.68671875 0.04296875 0.1
1 0.63203125 0.58828125 0.0375 0.0953125
1 0.62265625 0.49375 0.03828125 0.08203125
1 0.621875 0.4046875 0.03515625 0.084375
1 0.6125 0.3125 0.0453125 0.0875
1 0.56328125 0.3015625 0.04140625 0.084375
1 0.5703125 0.39453125 0.0515625 0.0921875
1 0.57421875 0.48828125 0.0421875 0.0953125
1 0.58125 0.5875 0.046875 0.08515625
1 0.58359375 0.6796875 0.0421875 0.08671875
1 0.58984375 0.77421875 0.04765625 0.08515625
1 0.59609375 0.87578125 0.0359375 0.09375
1 0.59921875 0.96484375 0.0453125 0.0640625
1 0.23046875 0.71875 0.03671875 0.06953125
1 0.228125 0.64609375 0.034375 0.0734375
1 0.228125 0.575 0.03671875 0.05859375
1 0.22578125 0.51015625 0.0328125 0.065625
1 0.22578125 0.44140625 0.0375 0.0640625
1 0.22421875 0.37421875 0.03515625 0.06796875
1 0.22421875 0.30859375 0.03515625 0.06015625
1 0.18984375 0.30859375 0.03125 0.05703125
1 0.15546875 0.3078125 0.034375 0.06328125
1 0.15546875 0.3703125 0.03203125 0.05859375
1 0.15546875 0.4375 0.0328125 0.0734375
1 0.1546875 0.50625 0.03203125 0.065625
1 0.15546875 0.58203125 0.0328125 0.07421875
1 0.15859375 0.653125 0.03984375 0.06796875
1 0.159375 0.7234375 0.0375 0.075
1 0.19609375 0.71875 0.03515625 0.06640625
1 0.1953125 0.64921875 0.03359375 0.0734375
1 0.19296875 0.578125 0.03046875 0.06875
1 0.190625 0.5078125 0.03046875 0.065625
1 0.190625 0.43984375 0.03125 0.0703125
1 0.18984375 0.37421875 0.03203125 0.059375
0 0.35078125 0.70078125 0.05546875 0.0625
0 0.35078125 0.63125 0.0515625 0.059375
0 0.3484375 0.56640625 0.0484375 0.06953125
0 0.34375 0.49609375 0.05390625 0.059375
0 0.340625 0.43203125 0.04921875 0.06640625
0 0.3375 0.3671875 0.0546875 0.06171875
0 0.3328125 0.30546875 0.0453125 0.0609375
0 0.27734375 0.30390625 0.05 0.05703125
0 0.278125 0.3625 0.046875 0.06171875
0 0.2828125 0.4296875 0.05390625 0.05859375
0 0.28515625 0.49921875 0.053125 0.0625
0 0.2875 0.5671875 0.05625 0.05078125
0 0.2890625 0.6359375 0.0484375 0.0703125
0 0.2921875 0.703125 0.053125 0.05859375