1 0.76015625 0.77890625 0.13359375 0.1171875
1 0.6234375 0.78203125 0.13125 0.11015625
1 0.77109375 0.6640625 0.134375 0.115625
1 0.17421875 0.78203125 0.13515625 0.128125
1 0.53671875 0.81953125 0.115625 0.1109375
1 0.29765625 0.7765625 0.1421875 0.1109375
1 0.44140625 0.76875 0.11328125 0.103125
1 0.77109375 0.41484375 0.12734375 0.1109375
1 0.76484375 0.5484375 0.13359375 0.096875
1 0.64453125 0.56875 0.12734375 0.0984375
1 0.7796875 0.30390625 0.12109375 0.1140625
1 0.30703125 0.65859375 0.1453125 0.1046875
1 0.1921875 0.54609375 0.140625 0.10078125
1 0.2078125 0.3125 0.146875 0.13125
1 0.178125 0.6671875 0.13671875 0.1015625
1 0.2 0.42578125 0.146875 0.10078125
1 0.44140625 0.6671875 0.1125 0.0921875
1 0.31875 0.5421875 0.14453125 0.10078125
1 0.5328125 0.715625 0.09453125 0.10234375
1 0.33046875 0.41875 0.146875 0.1125
1 0.65234375 0.4359375 0.1171875 0.1109375
1 0.55390625 0.3953125 0.12734375 0.12109375
1 0.34140625 0.29921875 0.14296875 0.1265625
1 0.55625 0.2703125 0.13046875 0.115625
1 0.63046875 0.67421875 0.1234375 0.10234375
1 0.4515625 0.56328125 0.1140625 0.0828125
1 0.5390625 0.61015625 0.1015625 0.08203125
1 0.6609375 0.3265625 0.10390625 0.10625
1 0.2171875 0.19765625 0.15078125 0.115625
1 0.77109375 0.20078125 0.12890625 0.09921875
1 0.67109375 0.22421875 0.10234375 0.1078125
1 0.45390625 0.4421875 0.10078125 0.0953125
1 0.35078125 0.20390625 0.13671875 0.1
1 0.45390625 0.33046875 0.0984375 0.11796875
1 0.54453125 0.5 0.11015625 0.1078125
1 0.45859375 0.2171875 0.0953125 0.10625