1 0.503125 0.84296875 0.09296875 0.09375
1 0.40234375 0.83515625 0.09765625 0.096875
1 0.5984375 0.65859375 0.0828125 0.0859375
1 0.4921875 0.734375 0.071875 0.0765625
1 0.6203125 0.83203125 0.0734375 0.08671875
1 0.59453125 0.5765625 0.07890625 0.0828125
1 0.48671875 0.5859375 0.06484375 0.0765625
1 0.4046875 0.49296875 0.08515625 0.0734375
1 0.60078125 0.7359375 0.0859375 0.08515625
1 0.4046875 0.66015625 0.090625 0.07890625
1 0.4015625 0.74296875 0.09296875 0.06953125
1 0.58515625 0.4953125 0.06953125 0.06640625
1 0.40703125 0.57890625 0.0890625 0.0796875
1 0.48515625 0.65703125 0.06015625 0.06484375
1 0.509375 0.503125 0.06640625 0.06953125