1 0.6515625 0.83671875 0.13125 0.08515625
1 0.27265625 0.85390625 0.1390625 0.0921875
1 0.66640625 0.7515625 0.14375 0.08828125
1 0.2703125 0.69140625 0.1375 0.09140625
1 0.271875 0.6046875 0.1328125 0.084375
1 0.671875 0.67421875 0.13671875 0.08125
1 0.27890625 0.5203125 0.1390625 0.08671875
1 0.27265625 0.77578125 0.128125 0.08125
1 0.68984375 0.43046875 0.13515625 0.084375
1 0.684375 0.5109375 0.1328125 0.0828125
1 0.28125 0.35078125 0.14140625 0.08671875
1 0.28203125 0.43671875 0.13828125 0.08828125
1 0.6984375 0.34921875 0.13828125 0.0953125
1 0.6625 0.596875 0.15546875 0.08359375
1 0.28046875 0.2640625 0.13984375 0.09140625
1 0.7046875 0.27578125 0.12421875 0.0640625