1 0.73203125 0.759375 0.1140625 0.08046875
1 0.228125 0.7671875 0.109375 0.06640625
1 0.5953125 0.75859375 0.11875 0.0546875
1 0.471875 0.75703125 0.11953125 0.05546875
1 0.3453125 0.74921875 0.11015625 0.0546875
1 0.34375 0.67265625 0.1140625 0.05390625
1 0.71953125 0.675 0.1203125 0.05078125
1 0.46484375 0.67578125 0.11796875 0.053125
1 0.59375 0.6765625 0.1234375 0.05234375
1 0.71015625 0.596875 0.1234375 0.05546875
1 0.58828125 0.59765625 0.1234375 0.05390625
1 0.33671875 0.59296875 0.115625 0.053125
1 0.328125 0.43984375 0.109375 0.053125
1 0.459375 0.5984375 0.11875 0.05546875
1 0.69921875 0.51796875 0.1203125 0.0546875
1 0.3265625 0.3625 0.1078125 0.05
1 0.57578125 0.44296875 0.115625 0.0546875
1 0.4546875 0.52109375 0.11328125 0.053125
1 0.45234375 0.44375 0.11171875 0.05234375
1 0.45 0.36640625 0.11484375 0.05078125
1 0.5703125 0.3640625 0.1125 0.053125
1 0.33125 0.51796875 0.109375 0.053125
1 0.68828125 0.36171875 0.11875 0.0546875
1 0.44609375 0.2890625 0.1109375 0.05078125
1 0.3234375 0.28671875 0.115625 0.0515625
1 0.578125 0.51796875 0.11875 0.05234375
1 0.56484375 0.28828125 0.11640625 0.05078125
1 0.68828125 0.28515625 0.125 0.0515625
1 0.690625 0.43984375 0.12109375 0.05625
1 0.221875 0.68515625 0.103125 0.05625
1 0.2140625 0.60546875 0.11875 0.0578125
1 0.21328125 0.52734375 0.1234375 0.07109375
1 0.21015625 0.44375 0.1109375 0.065625
1 0.2046875 0.365625 0.13125 0.07265625
1 0.2046875 0.2890625 0.09609375 0.07421875
1 0.08203125 0.2859375 0.1265625 0.07734375
1 0.078125 0.365625 0.121875 0.0578125
1 0.08359375 0.446875 0.1328125 0.05703125
1 0.09375 0.53125 0.14375 0.06640625
1 0.08828125 0.60546875 0.1296875 0.05859375
1 0.09375 0.69375 0.134375 0.06171875
1 0.10234375 0.771875 0.13125 0.06328125