1 0.59765625 0.83515625 0.1140625 0.0828125
1 0.45234375 0.7515625 0.11015625 0.075
1 0.29375 0.73359375 0.10625 0.04921875
1 0.45 0.590625 0.0953125 0.05703125
1 0.59609375 0.75234375 0.11328125 0.05859375
1 0.44453125 0.83125 0.0984375 0.065625
1 0.290625 0.8171875 0.09609375 0.05546875
1 0.60078125 0.58671875 0.10546875 0.05625
1 0.3 0.57578125 0.10078125 0.05859375
1 0.4484375 0.42578125 0.0921875 0.05703125
1 0.60390625 0.4171875 0.11484375 0.0640625
1 0.29765625 0.409375 0.09609375 0.05546875
1 0.775 0.66015625 0.09296875 0.05625
1 0.778125 0.74296875 0.109375 0.06015625
1 0.6 0.5046875 0.1078125 0.06171875
1 0.29609375 0.659375 0.09765625 0.0578125
1 0.45234375 0.34140625 0.09296875 0.0515625
1 0.78125 0.83046875 0.12109375 0.06484375
1 0.60703125 0.33203125 0.09453125 0.0484375
1 0.2984375 0.49140625 0.109375 0.06484375
1 0.60234375 0.671875 0.121875 0.0671875
1 0.446875 0.50703125 0.10703125 0.06015625
1 0.77734375 0.5734375 0.09296875 0.05625
1 0.78984375 0.40390625 0.11015625 0.05703125
1 0.30546875 0.33125 0.10078125 0.04453125
1 0.7796875 0.49140625 0.09375 0.05859375
1 0.45546875 0.6703125 0.1125 0.06640625
1 0.7953125 0.3109375 0.13359375 0.05078125