1 0.12890625 0.27734375 0.13203125 0.06328125
1 0.26953125 0.28671875 0.13046875 0.06640625
1 0.26484375 0.36796875 0.1265625 0.07890625
1 0.115625 0.36875 0.13828125 0.0859375
1 0.096875 0.4703125 0.15 0.0890625
1 0.2515625 0.47421875 0.1234375 0.0921875
1 0.0875 0.58828125 0.15546875 0.0984375
1 0.2421875 0.5828125 0.125 0.08671875
1 0.07265625 0.71875 0.1453125 0.1171875
1 0.2234375 0.7171875 0.1296875 0.11640625
1 0.0734375 0.859375 0.146875 0.11796875
1 0.22265625 0.85703125 0.1421875 0.11796875
1 0.38046875 0.8265625 0.17265625 0.13984375
1 0.3890625 0.69296875 0.16484375 0.1296875
1 0.38984375 0.5640625 0.15 0.1171875
1 0.39609375 0.459375 0.13125 0.08125
1 0.39609375 0.365625 0.12734375 0.08828125
1 0.40390625 0.28515625 0.11953125 0.06484375
1 0.54375 0.278125 0.1296875 0.06640625
1 0.5484375 0.3453125 0.1328125 0.0671875
1 0.55078125 0.4265625 0.13203125 0.09453125
1 0.56015625 0.53359375 0.14921875 0.0984375
1 0.56328125 0.653125 0.1515625 0.10390625
1 0.56796875 0.79375 0.1703125 0.13046875
1 0.5734375 0.93984375 0.17890625 0.11640625
1 0.7453125 0.8453125 0.071875 0.11171875
1 0.73359375 0.7296875 0.07265625 0.10625
1 0.70859375 0.59140625 0.0875 0.09921875
1 0.7015625 0.4953125 0.08046875 0.08984375
1 0.6984375 0.40859375 0.0765625 0.0828125
1 0.690625 0.33046875 0.075 0.0734375
1 0.77109375 0.34140625 0.075 0.08203125
1 0.78046875 0.4203125 0.0765625 0.08046875
1 0.7921875 0.50390625 0.0890625 0.08984375
1 0.803125 0.6015625 0.084375 0.10234375
1 0.81953125 0.8453125 0.0703125 0.1046875
1 0.8046875 0.74140625 0.0578125 0.09765625
1 0.96328125 0.628125 0.07265625 0.109375
1 0.9359375 0.51953125 0.08125 0.08515625
1 0.90078125 0.42421875 0.078125 0.0890625
1 0.97109375 0.43671875 0.0515625 0.08125
1 0.88828125 0.3484375 0.071875 0.075
1 0.965625 0.3546875 0.065625 0.06875
1 0.86640625 0.28984375 0.06953125 0.0453125
1 0.94921875 0.29453125 0.078125 0.03671875