1 0.37734375 0.66015625 0.08359375 0.06328125
1 0.45546875 0.74140625 0.07890625 0.06484375
1 0.46640625 0.56875 0.08046875 0.06328125
1 0.28828125 0.56796875 0.09375 0.0546875
1 0.2890625 0.665625 0.090625 0.06015625
1 0.628125 0.66328125 0.0796875 0.05546875
1 0.45625 0.4875 0.078125 0.08046875
1 0.6375 0.56640625 0.0875 0.08125
1 0.540625 0.57109375 0.084375 0.075
1 0.5375 0.490625 0.08203125 0.07734375
1 0.38359375 0.740625 0.08828125 0.059375
1 0.37734375 0.5703125 0.08203125 0.05859375
1 0.54609375 0.6671875 0.08515625 0.0609375
1 0.45 0.659375 0.065625 0.0515625
1 0.62265625 0.8390625 0.08203125 0.0703125
1 0.3828125 0.4828125 0.084375 0.0875
1 0.3828125 0.828125 0.0875 0.09375
1 0.63359375 0.48046875 0.08984375 0.08828125
1 0.71015625 0.740625 0.08359375 0.07265625
1 0.628125 0.73828125 0.08671875 0.09375
1 0.525 0.39765625 0.08125 0.0765625
1 0.4578125 0.39296875 0.075 0.07265625
1 0.28515625 0.8265625 0.09609375 0.0890625
1 0.72734375 0.66484375 0.0796875 0.06328125
1 0.28515625 0.7375 0.0921875 0.078125
1 0.28125 0.4765625 0.09375 0.09453125
1 0.53984375 0.74921875 0.08203125 0.0640625
1 0.45546875 0.83984375 0.078125 0.075
1 0.53203125 0.8359375 0.0765625 0.08359375
1 0.63984375 0.4 0.08671875 0.07734375
1 0.37734375 0.390625 0.084375 0.06484375
1 0.7140625 0.8359375 0.08671875 0.08828125
1 0.2921875 0.39453125 0.0953125 0.05625
1 0.71953125 0.49296875 0.06953125 0.0609375
1 0.72109375 0.5796875 0.06796875 0.0578125
1 0.7265625 0.4015625 0.078125 0.06328125