1 0.5484375 0.6046875 0.0421875 0.05
1 0.27109375 0.59921875 0.02578125 0.05625
1 0.35234375 0.596875 0.0234375 0.0484375
1 0.459375 0.6 0.0390625 0.04296875
1 0.4125 0.59921875 0.03359375 0.0390625
1 0.590625 0.6015625 0.03671875 0.04453125
1 0.63515625 0.609375 0.0375 0.0421875
1 0.41640625 0.5421875 0.0390625 0.04375
1 0.7625 0.61953125 0.040625 0.04296875
1 0.54375 0.54296875 0.03671875 0.04296875
1 0.54140625 0.4828125 0.03984375 0.0390625
1 0.7203125 0.6109375 0.0421875 0.05078125
1 0.38203125 0.60078125 0.0265625 0.046875
1 0.67265625 0.4921875 0.0375 0.04140625
1 0.79375 0.50078125 0.0375 0.0421875
1 0.8015625 0.6171875 0.03125 0.0390625
1 0.71015625 0.49921875 0.0375 0.0453125
1 0.46171875 0.540625 0.0390625 0.04296875
1 0.88046875 0.49296875 0.03671875 0.040625
1 0.89375 0.609375 0.040625 0.04453125
1 0.675 0.54765625 0.040625 0.0453125
1 0.678125 0.60859375 0.0390625 0.0421875
1 0.846875 0.5453125 0.0390625 0.0484375
1 0.38359375 0.540625 0.028125 0.05
1 0.41953125 0.4265625 0.0375 0.0390625
1 0.71484375 0.553125 0.0421875 0.046875
1 0.8859375 0.55 0.03984375 0.04453125
1 0.66875 0.37890625 0.0359375 0.0390625
1 0.41796875 0.48359375 0.0421875 0.03984375
1 0.46171875 0.48203125 0.03828125 0.0390625
1 0.67109375 0.43515625 0.0375 0.040625
1 0.58984375 0.54140625 0.04296875 0.04765625
1 0.8296875 0.3828125 0.03671875 0.03828125
1 0.35703125 0.4859375 0.02890625 0.04609375
1 0.58828125 0.48359375 0.0421875 0.0421875
1 0.87421875 0.43359375 0.03671875 0.03984375
1 0.834375 0.4375 0.03984375 0.04375
1 0.78203125 0.3359375 0.0375 0.04140625
1 0.7921875 0.4421875 0.04140625 0.0453125
1 0.82578125 0.33125 0.03828125 0.040625
1 0.50703125 0.4265625 0.040625 0.03828125
1 0.78828125 0.38671875 0.04140625 0.04609375
1 0.51015625 0.3734375 0.04140625 0.0390625
1 0.75703125 0.56171875 0.0359375 0.04375
1 0.85078125 0.60078125 0.03671875 0.04609375
1 0.7078125 0.38671875 0.040625 0.04296875
1 0.75078125 0.4453125 0.040625 0.046875
1 0.8640625 0.328125 0.0390625 0.0390625
1 0.22578125 0.54296875 0.03046875 0.04921875
1 0.63359375 0.55 0.0375 0.04296875
1 0.70625 0.33359375 0.04140625 0.04375
1 0.42265625 0.31875 0.03984375 0.0375
1 0.3078125 0.5375 0.0359375 0.0546875
1 0.35546875 0.53671875 0.03828125 0.0546875
1 0.465625 0.37109375 0.04140625 0.0390625
1 0.3140625 0.43359375 0.0328125 0.03984375
1 0.38671875 0.43125 0.0296875 0.0421875
1 0.78046875 0.284375 0.0390625 0.04140625
1 0.421875 0.371875 0.04375 0.03984375
1 0.5875 0.42578125 0.04453125 0.040625
1 0.7453125 0.3921875 0.04375 0.04609375
1 0.509375 0.31953125 0.04140625 0.03984375
1 0.840625 0.4859375 0.04609375 0.046875
1 0.7046875 0.28359375 0.04375 0.04140625
1 0.86953125 0.38203125 0.04375 0.0421875
1 0.465625 0.3171875 0.0421875 0.03828125
1 0.62734375 0.33046875 0.04140625 0.0421875
1 0.3828125 0.48359375 0.03203125 0.04453125
1 0.221875 0.603125 0.0234375 0.03359375
1 0.38671875 0.325 0.034375 0.04765625
1 0.58828125 0.37265625 0.04375 0.03984375
1 0.58515625 0.32109375 0.04609375 0.040625
1 0.3078125 0.5890625 0.04140625 0.0515625
1 0.75234375 0.50390625 0.04453125 0.05078125
1 0.66953125 0.325 0.04609375 0.04453125
1 0.42734375 0.271875 0.04609375 0.0359375
1 0.31875 0.3359375 0.03515625 0.04375
1 0.7453125 0.33984375 0.04296875 0.04921875
1 0.63125 0.4328125 0.0484375 0.0484375
1 0.63359375 0.48125 0.05234375 0.05
1 0.38046875 0.3765625 0.04453125 0.05078125
1 0.3125 0.4859375 0.0203125 0.02265625
1 0.3578125 0.32578125 0.04453125 0.0546875
1 0.32109375 0.28984375 0.0390625 0.0421875
1 0.79921875 0.546875 0.05546875 0.05859375
1 0.2375 0.32578125 0.02890625 0.0453125
1 0.2296875 0.48984375 0.0234375 0.02890625
1 0.31796875 0.3765625 0.0421875 0.046875
1 0.24375 0.27578125 0.02109375 0.028125
1 0.25 0.5453125 0.0203125 0.03125
1 0.275 0.54140625 0.02265625 0.0296875
1 0.20390625 0.4296875 0.0203125 0.02890625
1 0.4265625 0.44453125 0.0671875 0.05390625
1 0.27890625 0.484375 0.02265625 0.03125
1 0.2578125 0.43515625 0.0203125 0.0296875
1 0.28359375 0.3765625 0.021875 0.0265625
1 0.44375 0.38671875 0.078125 0.046875
1 0.1953125 0.54296875 0.02421875 0.03046875
1 0.28203125 0.4296875 0.0234375 0.028125
1 0.23359375 0.4328125 0.02265625 0.02734375
1 0.20703125 0.38046875 0.0203125 0.04140625
1 0.246875 0.603125 0.02109375 0.0328125
1 0.28671875 0.32421875 0.021875 0.02734375
1 0.2546875 0.48984375 0.02109375 0.0296875
1 0.19140625 0.603125 0.0234375 0.03203125
1 0.20078125 0.47890625 0.0203125 0.053125
1 0.26015625 0.38359375 0.0140625 0.0515625
1 0.2875 0.27578125 0.0234375 0.0390625
1 0.265625 0.275 0.01875 0.04140625
1 0.23671875 0.37890625 0.03125 0.05546875
1 0.209375 0.32578125 0.02265625 0.04765625
1 0.215625 0.2703125 0.02421875 0.0453125
1 0.36015625 0.27265625 0.02578125 0.0359375
1 0.3859375 0.275 0.02734375 0.040625
1 0.46875 0.27109375 0.034375 0.04140625
1 0.50859375 0.27578125 0.03359375 0.0296875
1 0.5515625 0.275 0.0421875 0.0375
1 0.59296875 0.275 0.03359375 0.03359375
1 0.63125 0.27734375 0.03828125 0.0453125
1 0.66875 0.28203125 0.03125 0.02890625
1 0.82265625 0.28125 0.03671875 0.04375
1 0.86328125 0.27890625 0.0421875 0.05390625