1 0.61796875 0.8046875 0.09375 0.13671875
1 0.61796875 0.66484375 0.09609375 0.1171875
1 0.5234375 0.8 0.10625 0.159375
1 0.521875 0.6734375 0.09921875 0.10078125
1 0.42578125 0.8046875 0.11015625 0.15390625
1 0.6203125 0.52890625 0.10390625 0.09453125
1 0.321875 0.790625 0.09765625 0.16171875
1 0.425 0.54609375 0.10390625 0.09296875
1 0.521875 0.5375 0.0984375 0.09453125
1 0.43203125 0.4109375 0.10234375 0.10234375
1 0.328125 0.65859375 0.0953125 0.09609375
1 0.4234375 0.6765625 0.10859375 0.10234375
1 0.62109375 0.4015625 0.1 0.09921875
1 0.525 0.40859375 0.096875 0.10234375
1 0.6265625 0.26640625 0.0984375 0.10078125
1 0.62578125 0.14140625 0.10078125 0.1125
1 0.53046875 0.27265625 0.0953125 0.10390625
1 0.43359375 0.271875 0.1078125 0.10390625
1 0.33125 0.5171875 0.08828125 0.08203125
1 0.5328125 0.14453125 0.0953125 0.11796875
1 0.4390625 0.13515625 0.109375 0.11796875
1 0.32421875 0.38671875 0.09609375 0.10234375
1 0.334375 0.253125 0.09765625 0.11171875
1 0.32578125 0.1296875 0.096875 0.12578125
0 0.215625 0.4640625 0.0859375 0.13359375
0 0.2296875 0.44140625 0.071875 0.11171875
0 0.1203125 0.328125 0.0734375 0.12109375
0 0.23125 0.3171875 0.07109375 0.13671875
0 0.03359375 0.421875 0.0671875 0.13046875
0 0.03828125 0.19453125 0.0671875 0.1140625
0 0.22421875 0.08828125 0.07734375 0.1625
0 0.1390625 0.08828125 0.07421875 0.16953125
0 0.04375 0.08203125 0.07734375 0.16328125
0 0.0296875 0.3109375 0.059375 0.071875
0 0.72890625 0.65546875 0.10546875 0.11484375
0 0.72578125 0.5453125 0.1015625 0.0921875
0 0.74375 0.4453125 0.10234375 0.10859375
0 0.74375 0.31796875 0.1109375 0.13828125
0 0.75703125 0.1828125 0.09609375 0.1125