1 0.26171875 0.7046875 0.165625 0.10234375
1 0.803125 0.64375 0.13671875 0.08203125
1 0.5671875 0.665625 0.134375 0.09140625
1 0.40859375 0.6890625 0.15546875 0.10625
1 0.9 0.45 0.1359375 0.075
1 0.7671875 0.40859375 0.1328125 0.096875
1 0.925 0.53828125 0.14921875 0.1015625
1 0.88515625 0.38359375 0.1375 0.07890625
1 0.27578125 0.590625 0.159375 0.08359375
1 0.13828125 0.5859375 0.16328125 0.07421875
1 0.74765625 0.315625 0.11796875 0.07890625
1 0.11640625 0.6921875 0.16328125 0.0953125
1 0.2890625 0.50546875 0.15078125 0.06015625
1 0.41484375 0.57890625 0.14765625 0.06953125
1 0.16484375 0.49296875 0.15 0.06640625
1 0.4265625 0.49296875 0.14609375 0.06796875
1 0.17734375 0.41875 0.15078125 0.08828125
1 0.30078125 0.425 0.1375 0.0625
1 0.31484375 0.3484375 0.12890625 0.0546875
1 0.76328125 0.4703125 0.11875 0.0671875
1 0.86953125 0.31640625 0.1203125 0.06640625
1 0.428125 0.4125 0.125 0.0625
1 0.2015625 0.334375 0.1375 0.0640625
1 0.328125 0.284375 0.12265625 0.05234375
1 0.4296875 0.3375 0.11953125 0.059375
1 0.21640625 0.28671875 0.14609375 0.06484375
1 0.92734375 0.6140625 0.109375 0.06171875
1 0.4265625 0.27578125 0.11328125 0.05625
1 0.05703125 0.2625 0.1140625 0.0375
1 0.94375 0.71640625 0.10546875 0.07265625
1 0.73984375 0.2640625 0.09140625 0.034375
1 0.5515625 0.48984375 0.11171875 0.0515625
1 0.7890625 0.559375 0.12421875 0.0734375
1 0.5328125 0.346875 0.11640625 0.04609375
1 0.5328125 0.4140625 0.08046875 0.0515625
1 0.84765625 0.25625 0.11171875 0.02890625
1 0.6453125 0.41640625 0.08515625 0.05546875
1 0.56015625 0.571875 0.1171875 0.0609375
1 0.52421875 0.2796875 0.09296875 0.04609375
1 0.64921875 0.4921875 0.0796875 0.05234375
1 0.67265625 0.57421875 0.1109375 0.0609375
1 0.0453125 0.32421875 0.090625 0.0609375
1 0.0296875 0.62421875 0.05625 0.08515625
1 0.62890625 0.27890625 0.08125 0.046875