1 0.20078125 0.30546875 0.1953125 0.13984375
1 0.20859375 0.2953125 0.2234375 0.1125
1 0.6015625 0.3078125 0.1921875 0.11328125
1 0.4109375 0.29921875 0.21875 0.1078125
1 0.7875 0.30078125 0.1953125 0.1171875
1 0.209375 0.4359375 0.22265625 0.084375
1 0.209375 0.1703125 0.225 0.1328125
1 0.6046875 0.4453125 0.18359375 0.090625
1 0.78515625 0.43671875 0.1953125 0.08515625
1 0.4078125 0.4421875 0.21875 0.0921875
1 0.40859375 0.17265625 0.20546875 0.1296875
1 0.20703125 0.5953125 0.215625 0.11484375
1 0.4046875 0.59296875 0.21171875 0.10625
1 0.2140625 0.7484375 0.221875 0.11640625
1 0.59375 0.18359375 0.1875 0.146875
1 0.78515625 0.17734375 0.190625 0.13671875
1 0.59921875 0.7453125 0.1921875 0.1078125
1 0.79453125 0.7375 0.1984375 0.1203125
1 0.59140625 0.6 0.1890625 0.0984375
1 0.609375 0.89609375 0.19609375 0.1375
1 0.4078125 0.74609375 0.20703125 0.109375
1 0.7953125 0.88828125 0.18515625 0.15078125
1 0.2125 0.89921875 0.2125 0.15546875
1 0.79140625 0.5875 0.2015625 0.09921875
1 0.40703125 0.88046875 0.21015625 0.17265625