1 0.82578125 0.81328125 0.0296875 0.05859375
1 0.6203125 0.61328125 0.028125 0.05703125
1 0.50859375 0.61484375 0.03515625 0.05
1 0.41953125 0.62421875 0.0296875 0.05859375
0 0.32109375 0.60703125 0.0265625 0.04921875
1 0.82734375 0.75859375 0.0296875 0.04609375
1 0.82578125 0.71171875 0.03203125 0.04921875
1 0.825 0.66015625 0.03125 0.04453125
1 0.825 0.6140625 0.02890625 0.05078125
1 0.8234375 0.56328125 0.03125 0.04609375
1 0.82421875 0.52421875 0.03046875 0.0453125
1 0.77265625 0.80390625 0.028125 0.04296875
1 0.7703125 0.7515625 0.02578125 0.03984375
1 0.76953125 0.71171875 0.025 0.04921875
1 0.76953125 0.66796875 0.03046875 0.05546875
1 0.76640625 0.61875 0.02890625 0.053125
1 0.76875 0.56875 0.02734375 0.0578125
1 0.765625 0.52109375 0.02734375 0.0546875
1 0.73125 0.79765625 0.034375 0.04609375
1 0.73125 0.74765625 0.03125 0.0515625
1 0.72890625 0.7046875 0.02734375 0.053125
1 0.73125 0.6578125 0.034375 0.0625
1 0.73125 0.609375 0.02890625 0.0515625
1 0.73125 0.56015625 0.02890625 0.0546875
1 0.73203125 0.51875 0.0328125 0.05390625
1 0.7 0.62734375 0.0265625 0.04296875
1 0.696875 0.58515625 0.0234375 0.05234375
1 0.6953125 0.53984375 0.02734375 0.05546875
1 0.69921875 0.49296875 0.028125 0.0578125
1 0.6984375 0.44453125 0.02421875 0.05
1 0.69609375 0.396875 0.0265625 0.04765625
1 0.6953125 0.346875 0.0265625 0.05625
1 0.66953125 0.6328125 0.0296875 0.04453125
1 0.6703125 0.5859375 0.03046875 0.04375
1 0.6703125 0.53515625 0.025 0.04375
1 0.6703125 0.4890625 0.03046875 0.0515625
1 0.66953125 0.44375 0.0328125 0.0515625
1 0.66796875 0.3921875 0.02578125 0.053125
1 0.66640625 0.33984375 0.02890625 0.05703125
1 0.59140625 0.61796875 0.028125 0.04765625
1 0.56015625 0.61484375 0.03125 0.05
1 0.62109375 0.56328125 0.02890625 0.0515625
1 0.5921875 0.5625 0.0265625 0.05390625
1 0.56640625 0.5609375 0.03125 0.05390625
1 0.6234375 0.50546875 0.0359375 0.0546875
1 0.59140625 0.50625 0.0359375 0.06171875
1 0.56484375 0.50234375 0.028125 0.05859375
1 0.62109375 0.45546875 0.03203125 0.0609375
1 0.59375 0.453125 0.02890625 0.059375
1 0.56796875 0.45390625 0.0296875 0.05859375
1 0.6234375 0.39453125 0.03671875 0.0546875
1 0.59375 0.3984375 0.03125 0.0640625
1 0.56640625 0.39609375 0.025 0.0625
1 0.62265625 0.34375 0.02890625 0.0546875
1 0.59609375 0.34765625 0.02734375 0.05703125
1 0.5703125 0.34453125 0.0265625 0.05390625
1 0.478125 0.6171875 0.034375 0.05859375
1 0.50859375 0.56328125 0.03515625 0.059375
1 0.47890625 0.56328125 0.0328125 0.05859375
1 0.50625 0.509375 0.03203125 0.0625
1 0.47890625 0.5078125 0.034375 0.06484375
1 0.5078125 0.45390625 0.028125 0.05859375
1 0.478125 0.45234375 0.02578125 0.04921875
1 0.50703125 0.39453125 0.02890625 0.0546875
1 0.478125 0.3953125 0.03203125 0.05703125
1 0.5078125 0.33984375 0.0296875 0.053125
1 0.4796875 0.3390625 0.0265625 0.05703125
1 0.4203125 0.57109375 0.03203125 0.0453125
1 0.42109375 0.521875 0.0328125 0.05078125
1 0.4203125 0.4671875 0.03203125 0.05625
1 0.41953125 0.41015625 0.03203125 0.05703125
1 0.41953125 0.35625 0.0328125 0.04921875
1 0.42109375 0.3125 0.02890625 0.03671875
1 0.3890625 0.3109375 0.03359375 0.03359375
1 0.3875 0.353125 0.03125 0.05
1 0.38671875 0.4078125 0.03125 0.06015625
1 0.38828125 0.4640625 0.034375 0.05234375
1 0.38828125 0.51875 0.03203125 0.0578125
1 0.38828125 0.57265625 0.03359375 0.0515625
1 0.3890625 0.62578125 0.03125 0.05546875
1 0.353125 0.62578125 0.0328125 0.0546875
1 0.353125 0.57109375 0.03359375 0.05390625
1 0.35546875 0.51640625 0.028125 0.0546875
1 0.35625 0.4609375 0.02890625 0.05390625
1 0.35703125 0.40703125 0.02578125 0.05234375
1 0.35703125 0.35390625 0.02578125 0.053125
1 0.3578125 0.30703125 0.0234375 0.0390625
0 0.3328125 0.303125 0.0234375 0.03203125
0 0.33046875 0.3453125 0.021875 0.04296875
0 0.328125 0.39765625 0.0234375 0.05234375
0 0.32890625 0.45 0.0234375 0.0546875
0 0.3265625 0.50703125 0.02734375 0.05625
0 0.32578125 0.55703125 0.021875 0.0453125
0 0.2984375 0.60390625 0.025 0.0546875
0 0.2984375 0.5546875 0.02734375 0.04140625
0 0.2984375 0.50234375 0.02578125 0.04921875
0 0.29921875 0.45078125 0.0265625 0.05390625
0 0.3015625 0.39296875 0.025 0.0546875
0 0.3046875 0.34140625 0.02734375 0.04609375
0 0.30546875 0.29765625 0.02578125 0.03984375
1 0.25703125 0.6078125 0.0328125 0.05234375
1 0.25859375 0.55546875 0.0328125 0.04765625
1 0.25859375 0.5046875 0.028125 0.04765625
1 0.259375 0.453125 0.028125 0.04921875
1 0.26015625 0.403125 0.0296875 0.05
1 0.2609375 0.35234375 0.02734375 0.05078125
1 0.2625 0.30078125 0.03125 0.05234375
1 0.20703125 0.609375 0.02734375 0.04765625
1 0.20625 0.56171875 0.02734375 0.04765625
1 0.2078125 0.515625 0.02421875 0.04375
1 0.20859375 0.46953125 0.0265625 0.046875
1 0.209375 0.42265625 0.02421875 0.04609375
1 0.21015625 0.3765625 0.02734375 0.04453125
1 0.2109375 0.33046875 0.0265625 0.046875
1 0.21171875 0.28515625 0.02734375 0.04296875
1 0.184375 0.278125 0.0203125 0.03828125
1 0.18203125 0.3203125 0.02265625 0.04609375
1 0.1796875 0.36953125 0.0203125 0.04765625
1 0.17890625 0.42109375 0.021875 0.05
1 0.1796875 0.4671875 0.0234375 0.05078125
1 0.1796875 0.5140625 0.025 0.05078125
1 0.178125 0.5609375 0.02421875 0.05
1 0.178125 0.60546875 0.02578125 0.05078125
1 0.1546875 0.6046875 0.0234375 0.046875
1 0.1546875 0.559375 0.025 0.0453125
1 0.15703125 0.51015625 0.01953125 0.05078125
1 0.15625 0.4625 0.0203125 0.0453125
1 0.15546875 0.4171875 0.0203125 0.04453125
1 0.15703125 0.36953125 0.025 0.04921875
1 0.1578125 0.32265625 0.02265625 0.0453125
1 0.1609375 0.2765625 0.0234375 0.0421875
1 0.1265625 0.6203125 0.0328125 0.08359375
1 0.12734375 0.53203125 0.034375 0.0921875
1 0.12890625 0.44453125 0.03125 0.08125
1 0.128125 0.36328125 0.028125 0.071875