1 0.74453125 0.8859375 0.13671875 0.16484375
1 0.59921875 0.871875 0.1265625 0.14140625
1 0.16953125 0.884375 0.1328125 0.16875
1 0.865625 0.890625 0.11640625 0.1671875
1 0.8328125 0.73515625 0.11484375 0.13984375
1 0.71328125 0.72890625 0.10859375 0.13515625
1 0.69375 0.60078125 0.11640625 0.10078125
1 0.67265625 0.49609375 0.09296875 0.10234375
1 0.796875 0.60546875 0.0890625 0.11484375
1 0.778125 0.49375 0.09140625 0.09765625
1 0.7609375 0.39609375 0.09453125 0.0828125
1 0.65546875 0.4 0.0859375 0.0875
1 0.859375 0.409375 0.08828125 0.08203125
1 0.89296875 0.50546875 0.12109375 0.0984375
1 0.91484375 0.615625 0.09375 0.11484375
1 0.95078125 0.74453125 0.09609375 0.12578125
1 0.9703125 0.8953125 0.05078125 0.15546875
1 0.46328125 0.87265625 0.128125 0.14140625
1 0.3296875 0.87421875 0.13359375 0.1546875
1 0.03984375 0.87109375 0.07890625 0.1484375
1 0.05859375 0.72109375 0.11640625 0.1328125
1 0.0796875 0.59765625 0.11953125 0.11171875
1 0.10625 0.49453125 0.0890625 0.0921875
1 0.1890625 0.73671875 0.10625 0.13046875
1 0.2046875 0.60625 0.11796875 0.1171875
1 0.23125 0.4953125 0.0765625 0.096875
1 0.24375 0.4015625 0.103125 0.08515625
1 0.13515625 0.4 0.08203125 0.075
1 0.259375 0.32578125 0.07890625 0.05859375
1 0.15625 0.32578125 0.0796875 0.05859375
1 0.03359375 0.3765625 0.0671875 0.090625
1 0.653125 0.3234375 0.090625 0.0546875
1 0.75078125 0.32265625 0.09453125 0.05
1 0.8359375 0.328125 0.09375 0.065625
1 0.9609375 0.37734375 0.06953125 0.07109375
1 0.9484375 0.3171875 0.09765625 0.04140625
1 0.97421875 0.4625 0.04921875 0.08984375
1 0.5890625 0.73515625 0.11953125 0.12578125
1 0.5796875 0.6109375 0.103125 0.12109375
1 0.58046875 0.5015625 0.1 0.096875
1 0.56484375 0.41328125 0.08671875 0.075
1 0.559375 0.3359375 0.0734375 0.0734375
1 0.47109375 0.33203125 0.0859375 0.07265625
1 0.4703125 0.4109375 0.0859375 0.0859375
1 0.4671875 0.49921875 0.09140625 0.0921875
1 0.46875 0.6046875 0.09375 0.11953125
1 0.46328125 0.73125 0.1109375 0.115625
1 0.3421875 0.72421875 0.11484375 0.128125
1 0.3515625 0.596875 0.1140625 0.12109375
1 0.36171875 0.48671875 0.09765625 0.09296875
1 0.37109375 0.3984375 0.10234375 0.07578125
1 0.37890625 0.32890625 0.0859375 0.0625