0 0.15 0.8203125 0.096875 0.12265625
1 0.50234375 0.8703125 0.10859375 0.1171875
1 0.78984375 0.88671875 0.103125 0.07890625
1 0.50859375 0.746875 0.12734375 0.12109375
0 0.26953125 0.78359375 0.12109375 0.1671875
0 0.36171875 0.82109375 0.0984375 0.14140625
0 0.14921875 0.6734375 0.12578125 0.134375
1 0.78203125 0.7890625 0.1109375 0.0921875
1 0.50703125 0.6265625 0.115625 0.12265625
1 0.678125 0.775 0.09375 0.109375
1 0.69296875 0.6765625 0.08984375 0.103125
1 0.78515625 0.63359375 0.11328125 0.0765625
0 0.3703125 0.9390625 0.10078125 0.115625
1 0.5015625 0.9625 0.11640625 0.07421875
1 0.45546875 0.4828125 0.178125 0.11875
1 0.7890625 0.71171875 0.11640625 0.07421875
1 0.50625 0.23515625 0.1578125 0.11640625
1 0.6453125 0.25625 0.1125 0.10390625
0 0.26484375 0.6421875 0.1171875 0.12578125
1 0.64140625 0.36796875 0.11015625 0.11796875
1 0.6421875 0.46328125 0.1125 0.1
0 0.35546875 0.64921875 0.08828125 0.19921875
1 0.53203125 0.3625 0.115625 0.1328125
1 0.790625 0.55625 0.115625 0.090625
0 0.14765625 0.5015625 0.125 0.18125
1 0.43125 0.35 0.115625 0.13515625
0 0.325 0.3609375 0.13046875 0.1625
0 0.1390625 0.3390625 0.1390625 0.259375
1 0.79140625 0.36328125 0.11640625 0.084375
1 0.7984375 0.44140625 0.115625 0.075
1 0.59765625 0.67890625 0.05859375 0.09453125
1 0.79140625 0.26171875 0.11875 0.0796875
1 0.88203125 0.4421875 0.08203125 0.0796875
0 0.2609375 0.4921875 0.12265625 0.115625
0 0.29609375 0.23046875 0.15 0.1296875
1 0.89140625 0.27578125 0.096875 0.1
1 0.6796875 0.59609375 0.08984375 0.0640625
1 0.8890625 0.36796875 0.090625 0.07421875
1 0.59765625 0.58046875 0.05 0.0765625
1 0.86328125 0.63828125 0.04921875 0.10234375
0 0.13046875 0.2515625 0.128125 0.09453125
1 0.87890625 0.50703125 0.0671875 0.075
0 0.240625 0.34921875 0.10390625 0.1875