1 0.20703125 0.3015625 0.05 0.103125
1 0.31640625 0.50078125 0.05703125 0.1
1 0.378125 0.39765625 0.0609375 0.09453125
1 0.3734375 0.60234375 0.0578125 0.103125
1 0.4375 0.39140625 0.06015625 0.10078125
1 0.3765625 0.4953125 0.05625 0.09375
1 0.4390625 0.59453125 0.0625 0.1109375
1 0.4390625 0.48203125 0.0625 0.1
1 0.31953125 0.3953125 0.05625 0.1015625
1 0.3234375 0.60078125 0.0578125 0.10390625
1 0.26171875 0.31171875 0.05703125 0.1046875
1 0.25625 0.609375 0.0625 0.096875
1 0.5 0.596875 0.05546875 0.10625
1 0.25703125 0.50390625 0.0625 0.0921875
1 0.31953125 0.303125 0.05703125 0.103125
1 0.203125 0.3984375 0.05703125 0.10625
1 0.265625 0.2125 0.059375 0.1
1 0.43515625 0.2953125 0.059375 0.1109375
1 0.49453125 0.2953125 0.05625 0.1140625
1 0.37734375 0.29921875 0.05546875 0.10078125
1 0.2109375 0.20546875 0.059375 0.08984375
1 0.31484375 0.21015625 0.05625 0.09921875
1 0.50546875 0.49140625 0.053125 0.09375
1 0.26171875 0.409375 0.0609375 0.0984375
1 0.503125 0.39609375 0.05078125 0.09296875
1 0.378125 0.20546875 0.05390625 0.09453125
1 0.25546875 0.7265625 0.065625 0.1109375
1 0.43984375 0.703125 0.0640625 0.1109375
1 0.50078125 0.70078125 0.0578125 0.09609375
1 0.1859375 0.70546875 0.07109375 0.103125
1 0.3703125 0.71796875 0.0609375 0.1078125
1 0.1921875 0.59765625 0.06796875 0.1
1 0.31171875 0.71171875 0.06015625 0.11875
1 0.49140625 0.196875 0.05625 0.0890625
1 0.43671875 0.1984375 0.06171875 0.0875
1 0.2515625 0.840625 0.0671875 0.12421875
1 0.503125 0.8234375 0.0546875 0.1265625
1 0.31171875 0.8328125 0.06484375 0.12421875
1 0.19765625 0.4953125 0.06328125 0.08671875
1 0.44140625 0.81875 0.06640625 0.12421875
1 0.18125 0.8328125 0.071875 0.13046875
1 0.37421875 0.834375 0.06953125 0.12421875