0 0.60703125 0.8453125 0.1234375 0.1734375
0 0.60625 0.675 0.11953125 0.1484375
0 0.6 0.52109375 0.10078125 0.1484375
0 0.5859375 0.3625 0.0953125 0.159375
0 0.578125 0.2171875 0.090625 0.1296875
0 0.57578125 0.09296875 0.08828125 0.11640625
0 0.47890625 0.0875 0.09375 0.11171875
0 0.4796875 0.2140625 0.096875 0.12265625
0 0.47890625 0.3640625 0.11015625 0.16171875
0 0.4796875 0.521875 0.10859375 0.13828125
0 0.48359375 0.67421875 0.1203125 0.15546875
0 0.48984375 0.8421875 0.1078125 0.1828125
1 0.3484375 0.49375 0.08671875 0.1125
1 0.353125 0.3828125 0.0859375 0.09453125
1 0.35234375 0.28359375 0.08671875 0.1015625
1 0.3515625 0.18515625 0.08671875 0.09453125
1 0.35859375 0.0921875 0.0703125 0.09375
1 0.2828125 0.08984375 0.078125 0.08984375
1 0.2765625 0.1828125 0.06953125 0.0953125
1 0.26875 0.278125 0.08125 0.1
1 0.265625 0.38046875 0.07578125 0.10703125
1 0.2578125 0.49140625 0.0875 0.11875
1 0.14765625 0.49609375 0.08828125 0.11484375
1 0.1515625 0.38515625 0.09921875 0.10546875
1 0.15859375 0.28125 0.08203125 0.1
1 0.1640625 0.1828125 0.0953125 0.096875
1 0.17265625 0.08828125 0.075 0.09296875
1 0.096875 0.09609375 0.06640625 0.08984375
1 0.08359375 0.18515625 0.07109375 0.10078125
1 0.0734375 0.2859375 0.08515625 0.1046875
1 0.06953125 0.3875 0.0796875 0.1
1 0.06171875 0.49453125 0.08828125 0.10703125