0 0.1765625 0.15078125 0.0859375 0.14609375
0 0.17734375 0.15 0.0875 0.15625
0 0.25625 0.15078125 0.08984375 0.165625
0 0.3484375 0.15390625 0.09453125 0.18125
0 0.16796875 0.3015625 0.09140625 0.15390625
0 0.43046875 0.15 0.07578125 0.18046875
0 0.25078125 0.29609375 0.0859375 0.1546875
0 0.35 0.3 0.09296875 0.1546875
0 0.428125 0.29609375 0.07265625 0.15078125
0 0.34765625 0.44375 0.09375 0.14921875
0 0.16328125 0.60546875 0.09140625 0.14609375
0 0.24921875 0.4453125 0.08125 0.1484375
0 0.34375 0.5984375 0.08828125 0.14375
0 0.42109375 0.603125 0.08203125 0.1421875
0 0.5046875 0.45390625 0.07734375 0.15625
0 0.165625 0.42890625 0.0875 0.1390625
0 0.25078125 0.60625 0.08515625 0.1421875
0 0.25 0.753125 0.0828125 0.140625
0 0.4234375 0.7640625 0.08359375 0.1609375
0 0.59765625 0.61328125 0.0796875 0.1484375
0 0.8578125 0.2875 0.084375 0.14140625
0 0.77109375 0.14765625 0.08125 0.15703125
0 0.6984375 0.14921875 0.0703125 0.15859375
0 0.1625 0.76640625 0.0859375 0.15
0 0.85859375 0.1421875 0.084375 0.15546875
0 0.59921875 0.45703125 0.0828125 0.15234375
0 0.5109375 0.59375 0.0890625 0.1453125
0 0.86171875 0.61015625 0.08828125 0.1515625
0 0.7703125 0.2984375 0.08203125 0.15546875
0 0.68828125 0.29375 0.0703125 0.15234375
0 0.25234375 0.9109375 0.0875 0.17421875
0 0.42265625 0.9140625 0.08671875 0.17109375
0 0.60625 0.76875 0.08671875 0.16171875
0 0.6921875 0.45 0.0734375 0.153125
0 0.8609375 0.4359375 0.0859375 0.13125
0 0.76796875 0.61171875 0.0859375 0.14921875
0 0.76953125 0.44296875 0.084375 0.14765625
0 0.42265625 0.43046875 0.0796875 0.165625
0 0.50234375 0.78046875 0.08359375 0.171875
0 0.3375 0.9140625 0.090625 0.1671875
0 0.1640625 0.91484375 0.0875 0.1703125
0 0.8609375 0.76953125 0.08984375 0.15546875
0 0.60390625 0.92421875 0.08515625 0.15078125
0 0.68671875 0.6140625 0.075 0.1515625
0 0.50546875 0.3015625 0.0859375 0.15859375
0 0.76875 0.77734375 0.0859375 0.15625
0 0.3375 0.7375 0.09453125 0.12734375
0 0.60625 0.24375 0.0875 0.34453125
0 0.76640625 0.92265625 0.084375 0.15390625
0 0.6890625 0.9234375 0.078125 0.15234375
0 0.85390625 0.921875 0.09140625 0.15390625
0 0.51171875 0.153125 0.09140625 0.178125