0 0.41484375 0.78046875 0.03828125 0.11640625
0 0.42109375 0.65859375 0.0375 0.13984375
1 0.26953125 0.5265625 0.07421875 0.084375
1 0.1453125 0.396875 0.0578125 0.134375
0 0.5109375 0.784375 0.04375 0.159375
0 0.5109375 0.64296875 0.04140625 0.13359375
0 0.7125 0.79140625 0.04375 0.15390625
0 0.61640625 0.78828125 0.04140625 0.16484375
0 0.709375 0.64453125 0.04296875 0.13828125
0 0.86796875 0.7984375 0.053125 0.17890625
1 0.2796875 0.6078125 0.0640625 0.06953125
0 0.56875 0.6421875 0.04140625 0.1296875
1 0.121875 0.5265625 0.04375 0.10234375
0 0.79609375 0.81171875 0.0484375 0.15
0 0.46875 0.64453125 0.040625 0.11953125
0 0.5640625 0.78359375 0.03984375 0.159375
0 0.75625 0.8 0.040625 0.14765625
0 0.6171875 0.2875 0.0375 0.11953125
0 0.8625 0.63359375 0.05234375 0.14375
0 0.51796875 0.41015625 0.0390625 0.115625
1 0.2875 0.2171875 0.078125 0.06953125
0 0.48515625 0.19609375 0.03671875 0.11015625
0 0.61484375 0.5234375 0.0359375 0.1046875
1 0.27578125 0.43203125 0.0796875 0.07734375
0 0.85625 0.359375 0.04765625 0.1265625
0 0.615625 0.653125 0.03671875 0.10703125
0 0.57109375 0.51953125 0.0375 0.13125
0 0.46796875 0.7828125 0.0390625 0.13203125
0 0.4328125 0.403125 0.03984375 0.11875
1 0.084375 0.4578125 0.03125 0.096875
0 0.7625 0.15390625 0.03828125 0.125
0 0.80625 0.2578125 0.03984375 0.11171875
1 0.28515625 0.28203125 0.08046875 0.08515625
0 0.61796875 0.1734375 0.034375 0.10625
1 0.2796875 0.359375 0.08125 0.08125
1 0.203125 0.43203125 0.06171875 0.096875
1 0.2171875 0.24453125 0.0578125 0.09453125
0 0.80546875 0.51875 0.040625 0.11953125
1 0.10390625 0.32265625 0.03359375 0.08984375
1 0.2078125 0.33203125 0.0640625 0.10078125
1 0.1703125 0.265625 0.05546875 0.1109375
0 0.76171875 0.65625 0.03671875 0.10078125
0 0.80625 0.38515625 0.03515625 0.0984375
0 0.7640625 0.384375 0.03671875 0.1078125
1 0.065625 0.5875 0.0390625 0.13671875
0 0.575 0.2828125 0.0375 0.1046875
0 0.44140625 0.20859375 0.02734375 0.08671875
0 0.859375 0.49609375 0.05234375 0.13203125
0 0.853125 0.24375 0.0390625 0.1140625
0 0.84921875 0.13671875 0.040625 0.1
0 0.80546875 0.15234375 0.03984375 0.11953125
0 0.7640625 0.26796875 0.03828125 0.121875
0 0.76171875 0.5171875 0.04375 0.13359375
0 0.803125 0.66328125 0.0453125 0.13828125
0 0.6609375 0.79453125 0.0453125 0.14140625
0 0.66015625 0.6546875 0.040625 0.1125
0 0.51484375 0.52109375 0.02890625 0.11875
0 0.47265625 0.534375 0.0359375 0.10546875
0 0.42578125 0.53203125 0.0359375 0.1015625
0 0.48046875 0.30234375 0.0328125 0.09765625
0 0.4375 0.29921875 0.03125 0.08828125
0 0.52265625 0.30234375 0.03359375 0.08828125
0 0.5265625 0.19921875 0.03125 0.11484375
0 0.659375 0.521875 0.03828125 0.128125
0 0.70859375 0.5203125 0.0390625 0.10234375
0 0.70625 0.40546875 0.04375 0.11171875
0 0.66015625 0.39296875 0.02734375 0.10546875
0 0.66484375 0.28046875 0.03203125 0.128125
0 0.47890625 0.41484375 0.03515625 0.10625
0 0.703125 0.27578125 0.04296875 0.12109375
0 0.7046875 0.1609375 0.04609375 0.09140625
0 0.6625 0.16328125 0.0359375 0.08828125
0 0.61796875 0.40234375 0.03359375 0.10390625
0 0.57578125 0.39453125 0.03125 0.11328125
0 0.5796875 0.17734375 0.02734375 0.09453125