0 0.86953125 0.78359375 0.06015625 0.10703125
1 0.69765625 0.8203125 0.05078125 0.10703125
1 0.52890625 0.87890625 0.05078125 0.10625
1 0.4875 0.65703125 0.0875 0.08515625
1 0.22421875 0.78359375 0.03828125 0.06875
1 0.228125 0.71640625 0.034375 0.05859375
1 0.16875 0.75390625 0.02578125 0.0625
1 0.125 0.7515625 0.02578125 0.0625
1 0.6921875 0.70625 0.0578125 0.1015625
1 0.41953125 0.665625 0.059375 0.084375
0 0.79765625 0.8 0.05234375 0.0984375
1 0.52421875 0.77890625 0.04921875 0.08828125
1 0.58671875 0.8828125 0.053125 0.10078125
1 0.74453125 0.8015625 0.04921875 0.1078125
1 0.16953125 0.6796875 0.0296875 0.065625
1 0.23515625 0.58515625 0.0375 0.06328125
1 0.13203125 0.67734375 0.0328125 0.0671875
1 0.22890625 0.65390625 0.0375 0.065625
1 0.68671875 0.59921875 0.05546875 0.1
1 0.63359375 0.884375 0.05390625 0.09765625
1 0.740625 0.68671875 0.05390625 0.10390625
1 0.47890625 0.57421875 0.0703125 0.0890625
1 0.634375 0.78671875 0.05234375 0.090625
0 0.8640625 0.58671875 0.0421875 0.1
1 0.58515625 0.784375 0.05 0.08984375
1 0.17265625 0.609375 0.0328125 0.06953125
1 0.48046875 0.4953125 0.0703125 0.0859375
1 0.1953125 0.67734375 0.03359375 0.0703125
1 0.10234375 0.7546875 0.03828125 0.07734375
1 0.11015625 0.61484375 0.03046875 0.07265625
1 0.13984375 0.54609375 0.03359375 0.06640625
1 0.6859375 0.49921875 0.053125 0.09375
1 0.13515625 0.6140625 0.03359375 0.06796875
1 0.74296875 0.48984375 0.05546875 0.0953125
1 0.5796875 0.67734375 0.04921875 0.10078125
1 0.19140625 0.74375 0.03125 0.06875
1 0.41796875 0.584375 0.05703125 0.0875
0 0.86484375 0.4859375 0.0578125 0.08984375
1 0.14453125 0.475 0.034375 0.06484375
1 0.4203125 0.5109375 0.053125 0.0859375
0 0.79765625 0.6890625 0.05703125 0.10078125
1 0.73984375 0.5859375 0.05390625 0.10390625
1 0.63515625 0.68671875 0.05234375 0.09296875
1 0.64140625 0.41171875 0.0421875 0.08125
1 0.67890625 0.40625 0.053125 0.08671875
1 0.1140625 0.5421875 0.03203125 0.0640625
1 0.47578125 0.40859375 0.071875 0.08359375
1 0.6375 0.59453125 0.05078125 0.09609375
1 0.178125 0.4765625 0.0359375 0.0640625
1 0.7421875 0.39296875 0.05234375 0.08203125
1 0.5828125 0.59453125 0.05078125 0.08984375
1 0.584375 0.49609375 0.05234375 0.08203125
0 0.9015625 0.4828125 0.053125 0.1
1 0.171875 0.5375 0.0390625 0.0640625
1 0.53515625 0.4078125 0.04609375 0.07734375
0 0.79453125 0.575 0.0578125 0.1046875
0 0.79296875 0.396875 0.05546875 0.0859375
1 0.5375 0.6796875 0.04453125 0.090625
1 0.42109375 0.41953125 0.04765625 0.07734375
1 0.5390625 0.48828125 0.0453125 0.08984375
0 0.875 0.67578125 0.0671875 0.1015625
0 0.79453125 0.4921875 0.0578125 0.11015625
1 0.53984375 0.58671875 0.03984375 0.0875
0 0.9015625 0.38671875 0.0484375 0.08359375
0 0.853125 0.38515625 0.06171875 0.09375
1 0.15078125 0.41640625 0.0390625 0.053125
1 0.18359375 0.415625 0.0453125 0.053125
1 0.584375 0.4109375 0.05078125 0.07734375
1 0.64140625 0.5 0.05078125 0.07734375
1 0.38828125 0.74609375 0.03359375 0.06953125
1 0.278125 0.7609375 0.04765625 0.07265625
1 0.3015625 0.6921875 0.0328125 0.06875
1 0.27265625 0.6875 0.0375 0.06953125
1 0.35546875 0.74609375 0.0390625 0.06640625
1 0.271875 0.5453125 0.03984375 0.06328125
1 0.271875 0.615625 0.0359375 0.0640625
1 0.35703125 0.68125 0.03203125 0.07890625
1 0.35546875 0.61015625 0.0234375 0.0625
1 0.3578125 0.5453125 0.02890625 0.06015625
1 0.3546875 0.4765625 0.028125 0.06484375
1 0.2734375 0.48046875 0.03125 0.06484375
1 0.234375 0.52421875 0.03203125 0.07265625
1 0.23984375 0.46640625 0.02890625 0.059375
1 0.23984375 0.41171875 0.02890625 0.0453125
1 0.27890625 0.4203125 0.03203125 0.05234375
1 0.30234375 0.625 0.02578125 0.06171875
1 0.29765625 0.55625 0.03359375 0.071875
1 0.3046875 0.49140625 0.03203125 0.071875