1 0.79375 0.72421875 0.0609375 0.096875
1 0.88203125 0.69921875 0.06796875 0.1
0 0.046875 0.76640625 0.07734375 0.0765625
0 0.10546875 0.675 0.06875 0.09921875
0 0.046875 0.75546875 0.0734375 0.10546875
1 0.79765625 0.7234375 0.0671875 0.09609375
1 0.94765625 0.6890625 0.06875 0.096875
1 0.72734375 0.72578125 0.071875 0.09765625
1 0.65859375 0.73125 0.06796875 0.09609375
1 0.5875 0.7359375 0.06875 0.09609375
1 0.87890625 0.5984375 0.07734375 0.09296875
1 0.51484375 0.7453125 0.06640625 0.0953125
1 0.4484375 0.74765625 0.0671875 0.096875
1 0.3828125 0.74921875 0.0734375 0.10078125
1 0.9421875 0.5890625 0.06875 0.0953125
0 0.11171875 0.559375 0.08203125 0.09609375
1 0.30390625 0.7546875 0.078125 0.1015625
1 0.22421875 0.753125 0.08125 0.103125
0 0.04453125 0.65390625 0.0609375 0.09765625
1 0.7234375 0.6359375 0.06953125 0.08984375
1 0.78828125 0.63203125 0.0625 0.084375
1 0.6546875 0.6359375 0.06484375 0.08671875
1 0.871875 0.51640625 0.0796875 0.08671875
1 0.590625 0.6375 0.06875 0.090625
1 0.4453125 0.6515625 0.0703125 0.08671875
0 0.12578125 0.34765625 0.07890625 0.09296875
0 0.05234375 0.54375 0.05859375 0.0984375
1 0.515625 0.64765625 0.065625 0.08671875
1 0.71640625 0.54609375 0.071875 0.08203125
1 0.30546875 0.65703125 0.0796875 0.0921875
0 0.11953125 0.4578125 0.084375 0.0984375
1 0.38046875 0.6515625 0.071875 0.08984375
1 0.22578125 0.65 0.07890625 0.09140625
0 0.0578125 0.44375 0.059375 0.0984375
1 0.30390625 0.56484375 0.0765625 0.0890625
1 0.7765625 0.46171875 0.059375 0.0921875
1 0.7140625 0.4609375 0.06640625 0.0859375
1 0.5140625 0.559375 0.0671875 0.08671875
1 0.9265625 0.47890625 0.07421875 0.096875
1 0.58125 0.55234375 0.0671875 0.08359375
1 0.78203125 0.5515625 0.05703125 0.07578125
1 0.44609375 0.55546875 0.06875 0.0859375
1 0.30234375 0.465625 0.07265625 0.08828125
1 0.9265625 0.4078125 0.071875 0.084375
1 0.38203125 0.5578125 0.0703125 0.08515625
1 0.77265625 0.38203125 0.05703125 0.0859375
1 0.23125 0.46796875 0.0703125 0.0890625
0 0.0609375 0.34296875 0.06015625 0.0953125
1 0.37578125 0.46875 0.0734375 0.0875
1 0.228125 0.5609375 0.07265625 0.08984375
1 0.64921875 0.4609375 0.06171875 0.084375
1 0.646875 0.54453125 0.0625 0.08203125
0 0.06796875 0.25625 0.075 0.0890625
1 0.58046875 0.465625 0.06328125 0.08515625
1 0.70234375 0.29375 0.06640625 0.08671875
1 0.5125 0.46875 0.065625 0.0875
1 0.70859375 0.37734375 0.0609375 0.084375
1 0.37578125 0.37890625 0.0703125 0.08515625
1 0.22421875 0.3796875 0.07265625 0.08984375
1 0.865625 0.42421875 0.07109375 0.096875
1 0.4453125 0.4703125 0.06875 0.08359375
1 0.51484375 0.38359375 0.065625 0.08984375
1 0.228125 0.29140625 0.071875 0.08671875
1 0.57890625 0.375 0.0609375 0.08671875
1 0.2984375 0.29375 0.06953125 0.0859375
1 0.44453125 0.38203125 0.06953125 0.0875
1 0.6421875 0.378125 0.06328125 0.0890625
1 0.76484375 0.29140625 0.065625 0.096875
1 0.2984375 0.38203125 0.0703125 0.0875
1 0.5125 0.29453125 0.06796875 0.08671875
1 0.44453125 0.29140625 0.071875 0.0890625
0 0.13515625 0.7203125 0.0953125 0.16640625
1 0.63828125 0.29296875 0.065625 0.0875
1 0.3734375 0.2890625 0.071875 0.0859375
1 0.575 0.29453125 0.06171875 0.0859375
0 0.13515625 0.2546875 0.09609375 0.1015625
1 0.853125 0.32890625 0.0640625 0.1015625
1 0.98203125 0.4734375 0.0359375 0.07890625
1 0.82265625 0.45625 0.04140625 0.21875
1 0.91875 0.32578125 0.05234375 0.07734375