0 0.3921875 0.44609375 0.0859375 0.1078125
0 0.57421875 0.540625 0.09296875 0.10078125
0 0.8046875 0.76796875 0.0828125 0.1
0 0.475 0.440625 0.0921875 0.1015625
0 0.3 0.44140625 0.09140625 0.09609375
0 0.56796875 0.428125 0.09609375 0.09765625
0 0.4765625 0.334375 0.08984375 0.1078125
0 0.390625 0.34375 0.08828125 0.10625
0 0.72109375 0.7703125 0.07578125 0.1125
0 0.3890625 0.553125 0.0890625 0.090625
0 0.30078125 0.3390625 0.0921875 0.10390625
0 0.47109375 0.53828125 0.0875 0.08125
0 0.65546875 0.44140625 0.0890625 0.10390625
0 0.56796875 0.76875 0.090625 0.1140625
0 0.29765625 0.54609375 0.0921875 0.09609375
0 0.56640625 0.33203125 0.09609375 0.11640625
0 0.475 0.7734375 0.08515625 0.1078125
0 0.65390625 0.334375 0.08828125 0.10625
0 0.2046875 0.4390625 0.09375 0.09453125
0 0.8171875 0.340625 0.096875 0.09765625
0 0.38359375 0.77578125 0.08828125 0.10546875
0 0.81875 0.44296875 0.09140625 0.0890625
0 0.728125 0.33828125 0.07734375 0.10703125
0 0.19921875 0.7609375 0.096875 0.10234375
0 0.8078125 0.6578125 0.08671875 0.10078125
0 0.725 0.440625 0.07578125 0.1
0 0.72421875 0.6609375 0.078125 0.10703125
0 0.2890625 0.77109375 0.08984375 0.10390625
0 0.8109375 0.546875 0.09296875 0.0890625
0 0.5671875 0.65234375 0.08984375 0.10390625
0 0.20859375 0.33671875 0.09296875 0.10390625
0 0.20078125 0.54765625 0.09375 0.08515625
0 0.38828125 0.66640625 0.08828125 0.0984375
0 0.65 0.65703125 0.075 0.10703125
0 0.29296875 0.6578125 0.0921875 0.1046875
0 0.65 0.5359375 0.0796875 0.10625
0 0.47265625 0.66484375 0.08671875 0.10390625
0 0.1984375 0.6515625 0.09453125 0.09765625
0 0.39140625 0.24296875 0.090625 0.10078125
0 0.728125 0.5359375 0.0859375 0.10625
0 0.5625 0.2359375 0.09921875 0.08359375
0 0.47890625 0.2359375 0.09296875 0.0890625
0 0.6515625 0.240625 0.08984375 0.0921875
0 0.30625 0.23984375 0.09140625 0.09453125
0 0.8265625 0.246875 0.09609375 0.096875
0 0.73046875 0.24140625 0.08125 0.09375
0 0.21328125 0.23828125 0.09296875 0.096875
0 0.6484375 0.77109375 0.06640625 0.1078125