1 0.73203125 0.65859375 0.05390625 0.08984375
1 0.6765625 0.671875 0.0484375 0.09921875
1 0.63125 0.67265625 0.0546875 0.10546875
1 0.72578125 0.56328125 0.046875 0.0921875
1 0.56796875 0.68125 0.04921875 0.1046875
1 0.6265625 0.58125 0.04609375 0.0953125
1 0.4140625 0.68671875 0.05234375 0.10390625
1 0.7234375 0.47578125 0.04765625 0.08828125
1 0.71953125 0.38125 0.04296875 0.09140625
1 0.5140625 0.6875 0.05078125 0.1015625
1 0.671875 0.5703125 0.0421875 0.096875
1 0.465625 0.68828125 0.04765625 0.10078125
1 0.7171875 0.28671875 0.0453125 0.10234375
1 0.41171875 0.5875 0.05546875 0.103125
1 0.465625 0.5875 0.04765625 0.090625
1 0.67109375 0.38125 0.04453125 0.09296875
1 0.62421875 0.38984375 0.05 0.0953125
1 0.56875 0.5828125 0.0484375 0.0953125
1 0.51640625 0.5875 0.0484375 0.0921875
1 0.62265625 0.2875 0.04765625 0.09921875
1 0.46171875 0.3953125 0.05078125 0.0953125
1 0.409375 0.38984375 0.05703125 0.10234375
1 0.66484375 0.284375 0.0421875 0.09609375
1 0.62578125 0.48359375 0.04765625 0.09140625
1 0.4109375 0.49140625 0.0546875 0.08984375
1 0.4640625 0.4890625 0.0484375 0.084375
1 0.57109375 0.390625 0.0484375 0.09453125
1 0.51875 0.39765625 0.0453125 0.09140625
1 0.66484375 0.1890625 0.046875 0.09921875
1 0.71953125 0.184375 0.04609375 0.1
1 0.56953125 0.49453125 0.05078125 0.08671875
1 0.4625 0.2921875 0.05234375 0.1046875
1 0.56875 0.29296875 0.046875 0.10078125
1 0.61796875 0.19140625 0.0484375 0.10078125
1 0.4046875 0.28515625 0.05546875 0.10703125
1 0.675 0.471875 0.04375 0.10234375
1 0.515625 0.29375 0.046875 0.103125
1 0.5140625 0.1953125 0.04921875 0.1046875
1 0.4046875 0.18359375 0.053125 0.09765625
1 0.56875 0.1921875 0.04921875 0.103125
1 0.46171875 0.1921875 0.05390625 0.1046875
1 0.5140625 0.49609375 0.04765625 0.08828125
0 0.33671875 0.60859375 0.05 0.1015625
1 0.409375 0.38984375 0.05703125 0.10234375
1 0.4140625 0.68671875 0.05234375 0.10390625
1 0.63125 0.67265625 0.0546875 0.10546875
1 0.41171875 0.5875 0.05546875 0.103125
1 0.4046875 0.28515625 0.05546875 0.10703125
1 0.4625 0.2921875 0.05234375 0.1046875
1 0.465625 0.68828125 0.04765625 0.10078125
1 0.4109375 0.49140625 0.0546875 0.08984375
1 0.62265625 0.2875 0.04765625 0.09921875
1 0.7171875 0.28671875 0.0453125 0.10234375
1 0.4046875 0.18359375 0.053125 0.09765625
1 0.46171875 0.3953125 0.05078125 0.0953125
1 0.62421875 0.38984375 0.05 0.0953125
1 0.66484375 0.1890625 0.046875 0.09921875
1 0.57109375 0.390625 0.0484375 0.09453125
1 0.67109375 0.38125 0.04453125 0.09296875
1 0.51875 0.39765625 0.0453125 0.09140625
1 0.62578125 0.48359375 0.04765625 0.09140625
1 0.51640625 0.5875 0.0484375 0.0921875
0 0.33828125 0.61015625 0.05234375 0.109375
1 0.72578125 0.56328125 0.046875 0.0921875
1 0.465625 0.5875 0.04765625 0.090625
1 0.515625 0.29375 0.046875 0.103125
1 0.61796875 0.19140625 0.0484375 0.10078125
1 0.7234375 0.47578125 0.04765625 0.08828125
1 0.56796875 0.68125 0.04921875 0.1046875
1 0.56875 0.1921875 0.04921875 0.103125
1 0.56875 0.29296875 0.046875 0.10078125
1 0.6265625 0.58125 0.04609375 0.0953125
1 0.56875 0.5828125 0.0484375 0.0953125
1 0.5140625 0.49609375 0.04765625 0.08828125
1 0.56953125 0.49453125 0.05078125 0.08671875
1 0.675 0.471875 0.04375 0.10234375
1 0.728125 0.65859375 0.0484375 0.09921875
1 0.46171875 0.1921875 0.05390625 0.1046875
1 0.5140625 0.1953125 0.04921875 0.1046875
1 0.66484375 0.284375 0.0421875 0.09609375
1 0.71953125 0.184375 0.04609375 0.1
1 0.671875 0.5703125 0.0421875 0.096875
1 0.4640625 0.4890625 0.0484375 0.084375
1 0.67109375 0.67265625 0.0390625 0.090625
1 0.71953125 0.38125 0.04296875 0.09140625
0 0.3390625 0.4 0.053125 0.11484375
0 0.34140625 0.49765625 0.04765625 0.0875
0 0.28203125 0.40625 0.06015625 0.11796875
0 0.28125 0.2875 0.059375 0.11640625
0 0.3375 0.28046875 0.04765625 0.09609375
0 0.28203125 0.17734375 0.059375 0.10859375
0 0.16953125 0.5390625 0.05 0.08984375
0 0.3453125 0.18359375 0.04765625 0.10234375
0 0.1671875 0.725 0.0484375 0.09453125
0 0.16796875 0.63125 0.0484375 0.09375
0 0.2453125 0.75625 0.065625 0.12109375
0 0.24140625 0.640625 0.06015625 0.1
0 0.23828125 0.52421875 0.05078125 0.11875
0 0.23046875 0.40546875 0.05390625 0.1140625
0 0.228125 0.28828125 0.0515625 0.1203125
0 0.228125 0.17734375 0.05078125 0.09921875
0 0.17421875 0.1609375 0.046875 0.090625
0 0.175 0.25546875 0.0484375 0.09921875
0 0.175 0.353125 0.04765625 0.096875
0 0.17421875 0.44453125 0.04609375 0.0890625