0 0.740625 0.84765625 0.1703125 0.22109375
0 0.303125 0.84296875 0.1390625 0.21875
0 0.15546875 0.8265625 0.1390625 0.203125
0 0.35078125 0.64296875 0.1484375 0.19375
0 0.20390625 0.628125 0.14296875 0.16875
0 0.240625 0.4609375 0.15390625 0.16484375
0 0.37734375 0.46015625 0.12734375 0.15390625
0 0.41171875 0.3140625 0.1203125 0.121875
0 0.28984375 0.31328125 0.1421875 0.12265625
0 0.3 0.18828125 0.10625 0.10703125
0 0.4265625 0.1859375 0.1140625 0.11171875
0 0.58046875 0.1875 0.11640625 0.1125
0 0.70390625 0.1703125 0.1375 0.12578125
0 0.71015625 0.31015625 0.1625 0.134375
0 0.5703125 0.3046875 0.1265625 0.1203125
0 0.71953125 0.4625 0.1671875 0.16328125
0 0.5703125 0.46171875 0.1484375 0.15546875
0 0.5703125 0.64453125 0.14765625 0.18125
0 0.72890625 0.65 0.16484375 0.16640625