0 0.58046875 0.6375 0.16171875 0.17890625
0 0.8328125 0.890625 0.10703125 0.17734375
0 0.834375 0.896875 0.1078125 0.18828125
0 0.92890625 0.90859375 0.11640625 0.171875
0 0.7515625 0.89296875 0.09609375 0.20703125
0 0.815625 0.7 0.08671875 0.18125
0 0.9078125 0.72578125 0.1015625 0.16796875
0 0.8734375 0.43125 0.0875 0.1296875
0 0.76484375 0.640625 0.07890625 0.271875
0 0.89296875 0.5671875 0.09765625 0.12734375
0 0.74140625 0.27421875 0.0703125 0.178125
0 0.75859375 0.4171875 0.08046875 0.14140625
0 0.9609375 0.4203125 0.078125 0.13046875
0 0.94921875 0.3109375 0.08203125 0.11640625
0 0.59453125 0.3421875 0.1390625 0.1390625
0 0.796875 0.54375 0.06171875 0.13515625
0 0.9109375 0.75078125 0.125 0.47734375
0 0.86328125 0.31640625 0.0875 0.1109375
0 0.84609375 0.221875 0.08359375 0.0796875
0 0.5828125 0.834375 0.14453125 0.09296875
0 0.47890625 0.21796875 0.13203125 0.10234375
0 0.97734375 0.72109375 0.04453125 0.175
0 0.78828125 0.30703125 0.04765625 0.103125
0 0.4375 0.615625 0.1609375 0.12265625
0 0.80234375 0.33828125 0.0546875 0.2703125
0 0.93125 0.2125 0.0765625 0.06171875
0 0.546875 0.753125 0.1578125 0.07109375
0 0.6 0.2 0.1453125 0.15234375
0 0.78515625 0.2203125 0.05703125 0.078125
0 0.5859375 0.87890625 0.15234375 0.07265625
0 0.4671875 0.32109375 0.13671875 0.0859375
0 0.42265625 0.871875 0.175 0.07265625
0 0.690625 0.6765625 0.07421875 0.1796875
0 0.6921875 0.396875 0.0609375 0.10234375
0 0.96875 0.5515625 0.06015625 0.10859375
0 0.5921875 0.4671875 0.140625 0.11171875
0 0.48984375 0.14375 0.13203125 0.04921875
0 0.9703125 0.2171875 0.0546875 0.07265625
0 0.45546875 0.47265625 0.13828125 0.134375