0 0.69453125 0.8109375 0.10546875 0.1984375
0 0.6828125 0.61484375 0.0828125 0.19140625
0 0.67265625 0.43046875 0.10234375 0.1765625
0 0.66484375 0.25390625 0.0875 0.17421875
0 0.56953125 0.26640625 0.09609375 0.19140625
0 0.57578125 0.4546875 0.11015625 0.18828125
0 0.57890625 0.646875 0.1 0.20078125
0 0.58671875 0.83984375 0.09609375 0.1921875
0 0.484375 0.846875 0.09375 0.18203125
0 0.47890625 0.65546875 0.09609375 0.1953125
0 0.471875 0.46328125 0.0890625 0.190625
0 0.465625 0.2609375 0.0890625 0.21015625
0 0.34609375 0.2296875 0.09921875 0.18828125
0 0.3546875 0.41796875 0.10234375 0.18046875
0 0.3609375 0.621875 0.09609375 0.19609375
0 0.3671875 0.8234375 0.1046875 0.20390625
0 0.14921875 0.88203125 0.1109375 0.14453125
0 0.15234375 0.7265625 0.1015625 0.146875
0 0.1515625 0.584375 0.1125 0.1171875
0 0.15390625 0.4421875 0.0953125 0.14453125
0 0.1546875 0.32109375 0.10625 0.08671875
0 0.1453125 0.2109375 0.109375 0.14296875
1 0.24765625 0.646875 0.1046875 0.14921875
1 0.25390625 0.4875 0.10546875 0.14296875
1 0.25234375 0.3390625 0.09453125 0.13515625
1 0.2515625 0.190625 0.08125 0.1453125
0 0.8109375 0.38359375 0.034375 0.1890625
0 0.8015625 0.2296875 0.040625 0.096875