0 0.8375 0.63203125 0.06875 0.0859375
0 0.57578125 0.60390625 0.0625 0.06953125
0 0.76484375 0.6203125 0.059375 0.08515625
0 0.63359375 0.6109375 0.06484375 0.0765625
0 0.69765625 0.61796875 0.065625 0.08203125
0 0.5859375 0.53203125 0.0625 0.07109375
0 0.77578125 0.53984375 0.06875 0.07578125
0 0.84765625 0.54453125 0.07265625 0.08203125
0 0.70703125 0.5359375 0.065625 0.07734375
0 0.59765625 0.46015625 0.06171875 0.07109375
0 0.64375 0.5328125 0.0609375 0.07734375
0 0.715625 0.46171875 0.06640625 0.07578125
0 0.85390625 0.4625 0.07109375 0.078125
0 0.6625 0.38515625 0.05859375 0.06875
0 0.60625 0.38515625 0.06328125 0.071875
0 0.7828125 0.4625 0.06953125 0.078125
0 0.73046875 0.31015625 0.06484375 0.071875
0 0.8 0.30546875 0.0640625 0.07578125
0 0.8609375 0.375 0.06953125 0.07421875
0 0.725 0.38203125 0.0625 0.071875
0 0.79140625 0.38046875 0.0640625 0.07109375
0 0.86796875 0.30546875 0.06953125 0.0859375
0 0.6734375 0.3109375 0.059375 0.06796875
0 0.74140625 0.24296875 0.06640625 0.05234375
0 0.875 0.2296875 0.07421875 0.0640625
0 0.6125 0.31640625 0.06640625 0.07265625
0 0.80703125 0.23515625 0.065625 0.053125
0 0.68203125 0.25078125 0.06328125 0.05078125
0 0.89609375 0.5421875 0.03828125 0.07734375
0 0.625 0.25859375 0.04453125 0.046875
0 0.38125 0.5703125 0.08046875 0.0859375
0 0.30546875 0.5625 0.05078125 0.08125
0 0.240625 0.546875 0.0671875 0.084375
0 0.31796875 0.471875 0.05703125 0.08125
0 0.25234375 0.46640625 0.06171875 0.07109375
0 0.3875 0.47890625 0.06484375 0.08515625
0 0.403125 0.38984375 0.06328125 0.0796875
0 0.32890625 0.39296875 0.053125 0.0765625
0 0.2671875 0.38828125 0.05546875 0.07890625
0 0.2828125 0.30390625 0.05703125 0.0796875
0 0.34140625 0.30625 0.0625 0.07890625
0 0.4140625 0.30234375 0.059375 0.07421875
1 0.18125 0.30390625 0.0515625 0.053125
1 0.2296875 0.29765625 0.03984375 0.05
1 0.21875 0.36171875 0.04140625 0.05625
1 0.1640625 0.3703125 0.05625 0.0765625
1 0.15390625 0.44921875 0.0640625 0.07890625
1 0.1390625 0.52578125 0.059375 0.0703125
0 0.04921875 0.4203125 0.046875 0.05
0 0.0578125 0.36953125 0.04609375 0.04765625
0 0.065625 0.3203125 0.05078125 0.04453125
1 0.47109375 0.65 0.040625 0.0828125
1 0.43046875 0.64921875 0.03359375 0.08046875
1 0.44140625 0.56640625 0.03984375 0.078125
1 0.48046875 0.56640625 0.0359375 0.078125
1 0.48671875 0.48828125 0.03515625 0.08046875
1 0.49140625 0.40859375 0.04140625 0.07578125
1 0.5015625 0.33046875 0.03359375 0.07265625
1 0.51015625 0.26953125 0.0515625 0.046875
1 0.48125 0.26875 0.021875 0.0375
1 0.465625 0.33046875 0.03359375 0.0703125
1 0.46015625 0.40859375 0.03046875 0.0734375
1 0.4515625 0.48984375 0.0328125 0.07890625
1 0.571875 0.25703125 0.0390625 0.046875
0 0.65390625 0.45859375 0.04921875 0.0703125