1 0.4 0.46015625 0.0421875 0.09140625
1 0.18984375 0.3078125 0.03984375 0.075
1 0.6078125 0.46953125 0.04453125 0.096875
1 0.6453125 0.33046875 0.04296875 0.0875
1 0.89765625 0.440625 0.04296875 0.0765625
1 0.853125 0.4484375 0.0375 0.0640625
1 0.68828125 0.4484375 0.0375 0.06640625
1 0.728125 0.45 0.0359375 0.0625
1 0.81171875 0.446875 0.03984375 0.065625
1 0.19453125 0.23984375 0.0421875 0.0765625
1 0.76875 0.4484375 0.03515625 0.065625
1 0.8921875 0.36875 0.03828125 0.07109375
1 0.15625 0.24296875 0.046875 0.0875
1 0.68671875 0.37578125 0.03671875 0.0671875
1 0.7265625 0.378125 0.03515625 0.06484375
1 0.884375 0.225 0.03828125 0.06640625
1 0.8875 0.2953125 0.03828125 0.06328125
1 0.16015625 0.1640625 0.04140625 0.07109375
1 0.8484375 0.37421875 0.0359375 0.0640625
1 0.76796875 0.37734375 0.03515625 0.06796875
1 0.84609375 0.303125 0.03671875 0.06328125
1 0.8078125 0.3765625 0.034375 0.065625
1 0.684375 0.30390625 0.03515625 0.0609375
1 0.803125 0.30234375 0.0375 0.0625
1 0.8796875 0.15625 0.03828125 0.065625
1 0.68125 0.234375 0.034375 0.0671875
1 0.68046875 0.16171875 0.03515625 0.0625
1 0.8 0.16484375 0.03515625 0.0640625
1 0.7234375 0.23359375 0.034375 0.06875
1 0.76328125 0.30546875 0.03671875 0.06640625
1 0.76328125 0.23203125 0.03515625 0.06875
1 0.84296875 0.23125 0.0359375 0.0640625
1 0.8015625 0.2328125 0.03515625 0.065625
1 0.7609375 0.1671875 0.03515625 0.06484375
1 0.72109375 0.1 0.0359375 0.06484375
1 0.1984375 0.45078125 0.0359375 0.078125
1 0.46171875 0.46640625 0.0390625 0.0828125
1 0.4640625 0.23984375 0.03828125 0.07265625
1 0.46484375 0.1625 0.03984375 0.07578125
1 0.34453125 0.2453125 0.03671875 0.065625
1 0.83828125 0.096875 0.03671875 0.05703125
1 0.84140625 0.1671875 0.03359375 0.0703125
1 0.88203125 0.0953125 0.0421875 0.05078125
1 0.79921875 0.09609375 0.0328125 0.071875
1 0.76484375 0.10390625 0.03125 0.06796875
1 0.64453125 0.09765625 0.04140625 0.05234375
1 0.64296875 0.159375 0.0375 0.06875
1 0.64296875 0.2421875 0.0390625 0.07578125
1 0.60546875 0.3859375 0.02578125 0.071875
1 0.60234375 0.3125 0.0328125 0.06875
1 0.6015625 0.2390625 0.034375 0.07578125
1 0.59921875 0.16328125 0.034375 0.0734375
1 0.60234375 0.09921875 0.03828125 0.05546875
1 0.57421875 0.4703125 0.028125 0.084375
1 0.57734375 0.38984375 0.03203125 0.08046875
1 0.54921875 0.31953125 0.03125 0.06796875
1 0.5484375 0.24453125 0.0375 0.08125
1 0.54765625 0.16875 0.0359375 0.06875
1 0.546875 0.09453125 0.03671875 0.07734375
1 0.4609375 0.38984375 0.03984375 0.08359375
1 0.465625 0.309375 0.03984375 0.08828125
1 0.503125 0.4734375 0.0296875 0.09140625
1 0.5390625 0.478125 0.03671875 0.0859375
1 0.5375 0.38984375 0.03359375 0.07890625
1 0.50703125 0.3890625 0.03046875 0.07421875
1 0.5109375 0.3171875 0.03203125 0.06953125
1 0.5140625 0.24140625 0.04140625 0.07109375
1 0.51328125 0.16328125 0.0421875 0.0703125
1 0.50625 0.096875 0.03828125 0.05390625
1 0.40078125 0.38359375 0.03671875 0.071875
1 0.40625 0.30234375 0.046875 0.0890625
1 0.4140625 0.22578125 0.03203125 0.07890625
1 0.42265625 0.153125 0.034375 0.08125
1 0.34296875 0.3171875 0.03515625 0.084375
1 0.34921875 0.17109375 0.0390625 0.078125
1 0.35234375 0.10234375 0.0359375 0.06328125
1 0.2703125 0.46640625 0.03046875 0.0890625
1 0.28515625 0.38515625 0.03125 0.07265625
1 0.29140625 0.3078125 0.034375 0.08046875
1 0.29921875 0.24140625 0.02890625 0.0640625
1 0.3078125 0.1703125 0.0328125 0.07265625
1 0.315625 0.10078125 0.0328125 0.0578125
1 0.2390625 0.46015625 0.03671875 0.08515625
1 0.2453125 0.38359375 0.0359375 0.0765625
1 0.20703125 0.3765625 0.03515625 0.06953125
1 0.2546875 0.3109375 0.0328125 0.06796875
1 0.22109375 0.3078125 0.0234375 0.0578125
1 0.259375 0.240625 0.0296875 0.075
1 0.2296875 0.240625 0.028125 0.071875
1 0.26953125 0.165625 0.03671875 0.06953125
1 0.2328125 0.16015625 0.0296875 0.06953125
1 0.2 0.16015625 0.03203125 0.06484375
1 0.27734375 0.09296875 0.03046875 0.06171875
1 0.23984375 0.090625 0.03984375 0.06640625
1 0.20234375 0.09609375 0.0296875 0.05859375
1 0.165625 0.0921875 0.034375 0.06328125
1 0.36484375 0.46640625 0.03515625 0.08671875