0 0.49375 0.8953125 0.19609375 0.1640625
0 0.52109375 0.4203125 0.18828125 0.1578125
0 0.284375 0.9078125 0.215625 0.16484375
0 0.29140625 0.73984375 0.196875 0.14453125
0 0.30234375 0.57890625 0.1875 0.1421875
0 0.71171875 0.86171875 0.20625 0.196875
0 0.5171875 0.26875 0.18671875 0.13671875
0 0.31171875 0.40703125 0.21484375 0.13828125
0 0.7046875 0.6828125 0.20546875 0.14375
0 0.4921875 0.57578125 0.17578125 0.1390625
0 0.31171875 0.26640625 0.19140625 0.1296875
0 0.70390625 0.27265625 0.16640625 0.13203125
0 0.3234375 0.11953125 0.20859375 0.1859375
0 0.703125 0.55703125 0.18125 0.096875
0 0.49296875 0.72578125 0.21328125 0.13671875
0 0.521875 0.109375 0.178125 0.16640625
0 0.715625 0.12109375 0.209375 0.1171875
0 0.69921875 0.40390625 0.1546875 0.134375