0 0.14453125 0.771875 0.08359375 0.14765625
0 0.24296875 0.77265625 0.08359375 0.14296875
1 0.85 0.65078125 0.13515625 0.1796875
1 0.8359375 0.4640625 0.13125 0.18984375
0 0.4390625 0.7609375 0.09453125 0.15625
1 0.8140625 0.29921875 0.13515625 0.17265625
1 0.93828125 0.3421875 0.1234375 0.17265625
0 0.35078125 0.7609375 0.09921875 0.15703125
0 0.5890625 0.75703125 0.08515625 0.153125
1 0.871875 0.84609375 0.14921875 0.225
1 0.91875 0.19375 0.1171875 0.1375
1 0.96328125 0.6953125 0.0734375 0.2
1 0.95078125 0.48203125 0.0984375 0.1265625
0 0.5875 0.62578125 0.0921875 0.1203125
1 0.81015625 0.17109375 0.13203125 0.103125
0 0.50078125 0.75078125 0.0828125 0.1765625
0 0.25859375 0.6203125 0.09765625 0.13984375
0 0.3578125 0.60625 0.10390625 0.1390625
0 0.51171875 0.60234375 0.08125 0.15
0 0.20546875 0.23828125 0.08359375 0.12890625
0 0.59453125 0.1546875 0.05859375 0.0875
0 0.521875 0.47109375 0.06015625 0.096875
0 0.44765625 0.48125 0.07421875 0.1
0 0.44296875 0.60859375 0.10234375 0.14296875
0 0.596875 0.4953125 0.078125 0.1296875
0 0.20078125 0.36171875 0.08828125 0.11328125
0 0.596875 0.37734375 0.075 0.11953125
0 0.5984375 0.2609375 0.071875 0.11171875
0 0.165625 0.6265625 0.084375 0.125
0 0.5234375 0.36640625 0.06953125 0.1015625
0 0.521875 0.25703125 0.0671875 0.115625
0 0.5234375 0.15 0.0625 0.096875
0 0.4546875 0.14140625 0.05625 0.0859375
0 0.4484375 0.25390625 0.06015625 0.10546875
0 0.4453125 0.3703125 0.065625 0.10078125
0 0.35859375 0.484375 0.0703125 0.115625
0 0.36484375 0.36875 0.0828125 0.11328125
0 0.378125 0.25859375 0.07578125 0.10703125
0 0.3734375 0.15 0.0671875 0.1078125
0 0.30234375 0.13203125 0.06484375 0.09296875
0 0.22578125 0.12421875 0.06953125 0.08984375
0 0.284375 0.23828125 0.08515625 0.121875
0 0.27265625 0.3640625 0.07890625 0.1140625
0 0.26484375 0.4875 0.0796875 0.11171875
0 0.184375 0.48671875 0.078125 0.1265625