0 0.809375 0.8390625 0.084375 0.16015625
0 0.66328125 0.82734375 0.07578125 0.1625
0 0.58515625 0.828125 0.0859375 0.171875
0 0.68515625 0.6828125 0.0984375 0.125
0 0.828125 0.678125 0.11015625 0.15078125
0 0.5890625 0.68984375 0.08984375 0.1203125
0 0.6953125 0.51875 0.0984375 0.10859375
0 0.8359375 0.5328125 0.1046875 0.134375
0 0.84765625 0.37890625 0.1140625 0.13671875
0 0.70234375 0.40078125 0.09453125 0.11875
0 0.60078125 0.534375 0.09609375 0.0984375
0 0.8375 0.21484375 0.12734375 0.178125
0 0.60390625 0.41015625 0.08046875 0.10546875
0 0.71875 0.26875 0.09921875 0.12421875
0 0.61015625 0.2796875 0.0828125 0.1203125