0 0.22109375 0.80546875 0.09140625 0.1453125
0 0.0796875 0.865625 0.1125 0.128125
0 0.34765625 0.8109375 0.0890625 0.140625
0 0.2375 0.65546875 0.09921875 0.1078125
0 0.35234375 0.66484375 0.08359375 0.10703125
0 0.36953125 0.3859375 0.090625 0.13203125
0 0.0890625 0.7140625 0.10703125 0.1171875
0 0.0984375 0.54375 0.1125 0.10625
0 0.11015625 0.403125 0.12421875 0.17265625
0 0.36171875 0.5296875 0.08359375 0.1
0 0.2609375 0.353125 0.115625 0.1640625
0 0.2484375 0.53046875 0.11328125 0.1453125
0 0.2671875 0.20703125 0.1078125 0.11171875
0 0.11484375 0.2046875 0.10859375 0.159375
0 0.375 0.25234375 0.07109375 0.1203125