0 0.20703125 0.83046875 0.11015625 0.1546875
0 0.325 0.8125 0.1234375 0.12265625
0 0.49921875 0.7890625 0.12578125 0.10859375
0 0.20859375 0.68828125 0.13828125 0.10859375
0 0.34375 0.6734375 0.13515625 0.10390625
0 0.51875 0.6609375 0.1171875 0.096875
0 0.21953125 0.41328125 0.1453125 0.14140625
0 0.35546875 0.515625 0.13828125 0.1078125
0 0.2171875 0.53515625 0.1484375 0.1359375
0 0.52734375 0.24765625 0.13125 0.16953125
0 0.3625 0.41484375 0.1421875 0.14453125
0 0.21640625 0.2625 0.14765625 0.14375
0 0.36328125 0.2609375 0.15546875 0.1734375
0 0.534375 0.40234375 0.0984375 0.1265625
0 0.51953125 0.5265625 0.09609375 0.13125