0 0.14453125 0.67421875 0.028125 0.05546875
0 0.41953125 0.6921875 0.02734375 0.0609375
1 0.746875 0.71953125 0.03125 0.0640625
1 0.86171875 0.7015625 0.03203125 0.071875
1 0.825 0.7015625 0.0296875 0.0546875
1 0.8609375 0.62890625 0.02890625 0.0515625
0 0.6671875 0.70625 0.03046875 0.071875
1 0.8609375 0.55859375 0.02890625 0.0546875
0 0.63203125 0.7015625 0.03359375 0.06484375
1 0.82421875 0.6296875 0.03046875 0.05703125
1 0.859375 0.4875 0.0328125 0.05546875
1 0.7859375 0.7 0.02734375 0.05859375
0 0.63125 0.6328125 0.03046875 0.071875
1 0.86171875 0.421875 0.02890625 0.05859375
0 0.66875 0.63046875 0.0359375 0.065625
0 0.5703125 0.628125 0.03828125 0.07109375
1 0.82265625 0.4859375 0.02890625 0.05703125
1 0.78515625 0.62890625 0.02578125 0.06171875
0 0.48671875 0.62578125 0.025 0.0640625
0 0.42109375 0.621875 0.03125 0.06796875
1 0.784375 0.55390625 0.02578125 0.05234375
0 0.4265625 0.55859375 0.03203125 0.06328125
0 0.4859375 0.69375 0.03046875 0.06171875
0 0.56953125 0.6984375 0.034375 0.06484375
0 0.5359375 0.690625 0.02890625 0.05078125
0 0.63359375 0.5578125 0.03203125 0.0578125
1 0.8625 0.28203125 0.03046875 0.0640625
1 0.86171875 0.3484375 0.0296875 0.06015625
0 0.45546875 0.559375 0.03359375 0.065625
1 0.86015625 0.21484375 0.03046875 0.06171875
0 0.66484375 0.421875 0.028125 0.06484375
0 0.45390625 0.69453125 0.03359375 0.059375
1 0.7859375 0.484375 0.02734375 0.05625
1 0.8234375 0.55546875 0.03046875 0.05859375
0 0.42890625 0.43125 0.03125 0.0640625
0 0.5984375 0.4890625 0.02734375 0.0578125
0 0.603125 0.7078125 0.03828125 0.06875
0 0.4546875 0.62578125 0.025 0.06171875
1 0.82421875 0.21484375 0.028125 0.05625
0 0.48671875 0.490625 0.025 0.05390625
0 0.66796875 0.496875 0.03359375 0.06953125
1 0.825 0.28203125 0.0296875 0.0625
1 0.82578125 0.41796875 0.03203125 0.06015625
0 0.5359375 0.42265625 0.025 0.05546875
0 0.60078125 0.62578125 0.03515625 0.06171875
0 0.4625 0.30078125 0.03125 0.059375
1 0.78828125 0.28359375 0.028125 0.059375
0 0.56796875 0.4234375 0.0328125 0.05703125
0 0.5359375 0.49375 0.03515625 0.06484375
0 0.428125 0.3 0.02578125 0.05703125
0 0.51640625 0.4203125 0.02421875 0.059375
0 0.634375 0.48984375 0.0359375 0.0609375
1 0.78671875 0.34921875 0.02734375 0.053125
0 0.4921875 0.296875 0.02578125 0.05859375
0 0.5125 0.625 0.0203125 0.0640625
1 0.82421875 0.35 0.0296875 0.059375
0 0.53828125 0.55546875 0.0296875 0.05625
1 0.78671875 0.41796875 0.02890625 0.05859375
1 0.78828125 0.215625 0.02890625 0.05390625
0 0.66640625 0.3484375 0.0359375 0.05703125
0 0.56875 0.559375 0.03359375 0.0640625
0 0.6671875 0.26875 0.028125 0.0421875
0 0.6328125 0.42734375 0.03046875 0.03984375
0 0.6328125 0.29140625 0.03203125 0.04375
0 0.63359375 0.35625 0.03046875 0.0390625
0 0.66640625 0.55859375 0.0359375 0.0578125
0 0.5359375 0.63359375 0.025 0.0328125
1 0.74453125 0.64296875 0.034375 0.0703125
1 0.746875 0.56875 0.03515625 0.0609375
1 0.7453125 0.496875 0.028125 0.06640625
1 0.74453125 0.425 0.028125 0.06640625
1 0.74453125 0.346875 0.03046875 0.06484375
1 0.74609375 0.28203125 0.028125 0.0578125
1 0.74765625 0.2171875 0.02734375 0.0578125
1 0.71328125 0.221875 0.02734375 0.0609375
1 0.71328125 0.2921875 0.025 0.05546875
1 0.70859375 0.3578125 0.03203125 0.06796875
1 0.70859375 0.428125 0.03359375 0.0609375
1 0.7078125 0.503125 0.03046875 0.06484375
1 0.71015625 0.5734375 0.03046875 0.06640625
1 0.71015625 0.64609375 0.02890625 0.06796875
1 0.7109375 0.71796875 0.03203125 0.06484375
0 0.42734375 0.50234375 0.03125 0.0578125
0 0.4296875 0.36796875 0.02421875 0.0640625
0 0.45859375 0.3703125 0.02578125 0.05703125
0 0.46015625 0.428125 0.025 0.0609375
0 0.46015625 0.5 0.02578125 0.0578125
0 0.48984375 0.43125 0.028125 0.06796875
0 0.48984375 0.3625 0.02734375 0.05234375
0 0.4875 0.55546875 0.02734375 0.059375
0 0.51328125 0.55546875 0.01953125 0.0609375
0 0.5125 0.4921875 0.01640625 0.05390625
0 0.60078125 0.421875 0.02734375 0.0625
0 0.56796875 0.48828125 0.02421875 0.0515625
0 0.60234375 0.3609375 0.02265625 0.05
0 0.56875 0.35390625 0.02890625 0.04296875
0 0.53984375 0.3609375 0.02890625 0.05234375
0 0.5140625 0.365625 0.01796875 0.05234375
0 0.51484375 0.296875 0.01875 0.05390625
0 0.5375 0.29453125 0.02734375 0.0484375
0 0.56953125 0.2921875 0.02734375 0.05
0 0.59921875 0.29140625 0.02265625 0.03984375
0 0.43203125 0.2421875 0.025 0.04140625
0 0.46171875 0.23984375 0.02734375 0.0453125
0 0.48984375 0.23671875 0.02734375 0.04453125
0 0.5390625 0.22890625 0.02578125 0.0484375
0 0.5703125 0.228125 0.02421875 0.046875
0 0.6 0.225 0.02265625 0.0515625
0 0.634375 0.2171875 0.02734375 0.046875
0 0.6671875 0.21953125 0.03671875 0.0515625
0 0.3875 0.69375 0.025 0.0609375
0 0.35859375 0.6875 0.02265625 0.0515625
0 0.3296875 0.68984375 0.02421875 0.059375
0 0.3015625 0.6875 0.02578125 0.0625
0 0.271875 0.6859375 0.02734375 0.05390625
0 0.24375 0.67890625 0.02265625 0.06484375
0 0.21953125 0.6765625 0.025 0.05390625
0 0.19453125 0.6765625 0.025 0.06484375
0 0.16953125 0.6765625 0.02421875 0.05234375
0 0.3890625 0.628125 0.02421875 0.0640625
0 0.36015625 0.62421875 0.02578125 0.0609375
0 0.33359375 0.625 0.028125 0.059375
0 0.30546875 0.62109375 0.028125 0.06484375
0 0.2734375 0.62109375 0.02421875 0.059375
0 0.25078125 0.6203125 0.02578125 0.06640625
0 0.22421875 0.61875 0.02265625 0.05546875
0 0.19609375 0.61328125 0.021875 0.0578125
0 0.1734375 0.615625 0.02421875 0.05546875
0 0.14765625 0.61328125 0.02421875 0.0609375
0 0.1484375 0.55390625 0.02421875 0.0578125
0 0.17265625 0.55390625 0.02265625 0.05546875
0 0.20234375 0.55546875 0.02421875 0.0578125
0 0.22578125 0.55390625 0.025 0.0578125
0 0.253125 0.55546875 0.02265625 0.0625
0 0.2765625 0.55625 0.028125 0.0640625
0 0.30546875 0.56015625 0.02578125 0.06796875
0 0.33515625 0.55859375 0.02734375 0.0625
0 0.36484375 0.5609375 0.02578125 0.06953125
0 0.3921875 0.5609375 0.02578125 0.0640625
0 0.3953125 0.496875 0.02578125 0.06640625
0 0.36484375 0.49765625 0.021875 0.0625
0 0.3390625 0.49375 0.02578125 0.0515625
0 0.31171875 0.49609375 0.02734375 0.0515625
0 0.28046875 0.49609375 0.02890625 0.059375
0 0.2546875 0.4953125 0.02421875 0.05546875
0 0.23046875 0.49453125 0.025 0.05546875
0 0.20546875 0.49375 0.02265625 0.05703125
0 0.18046875 0.49375 0.02421875 0.05703125
0 0.153125 0.49296875 0.025 0.05546875
0 0.15625 0.43046875 0.02265625 0.05546875
0 0.18046875 0.43359375 0.021875 0.05546875
0 0.20625 0.434375 0.02109375 0.0578125
0 0.23203125 0.43359375 0.02421875 0.05703125
0 0.25703125 0.43359375 0.021875 0.0578125
0 0.28203125 0.434375 0.02265625 0.0578125
0 0.31171875 0.4359375 0.02578125 0.0609375
0 0.33984375 0.43359375 0.02265625 0.0609375
0 0.36875 0.434375 0.025 0.0578125
0 0.39765625 0.43359375 0.02578125 0.0640625
0 0.40078125 0.371875 0.025 0.059375
0 0.37109375 0.36953125 0.01953125 0.05546875
0 0.34453125 0.37578125 0.02109375 0.0515625
0 0.31640625 0.375 0.028125 0.0578125
0 0.28984375 0.3734375 0.025 0.05390625
0 0.2625 0.3734375 0.02265625 0.0484375
0 0.23515625 0.3765625 0.025 0.05234375
0 0.2109375 0.37734375 0.02421875 0.05390625
0 0.18359375 0.37421875 0.02421875 0.0515625
0 0.15859375 0.37421875 0.021875 0.0625
0 0.16171875 0.31796875 0.02421875 0.0515625
0 0.18671875 0.3171875 0.01796875 0.05546875
0 0.21328125 0.3140625 0.021875 0.05546875
0 0.23828125 0.315625 0.02421875 0.0609375
0 0.26484375 0.3125 0.02265625 0.0640625
0 0.28984375 0.3140625 0.01796875 0.0609375
0 0.31796875 0.31328125 0.02421875 0.059375
0 0.3453125 0.3109375 0.02578125 0.0625
0 0.37421875 0.31171875 0.028125 0.05546875
0 0.40234375 0.309375 0.02578125 0.05703125
0 0.40390625 0.24609375 0.021875 0.0578125
0 0.3765625 0.24765625 0.028125 0.05546875
0 0.3484375 0.246875 0.028125 0.0515625
0 0.32109375 0.2546875 0.025 0.05
0 0.2953125 0.2578125 0.021875 0.046875
0 0.2671875 0.25546875 0.021875 0.0484375
0 0.24453125 0.2578125 0.02578125 0.05390625
0 0.21796875 0.2578125 0.025 0.05234375
0 0.18984375 0.2609375 0.02578125 0.0515625
0 0.16640625 0.2625 0.02421875 0.05390625