0 0.1765625 0.20703125 0.15546875 0.17421875
0 0.17109375 0.37578125 0.14765625 0.15390625
0 0.16640625 0.53984375 0.1390625 0.175
0 0.16328125 0.71015625 0.14140625 0.1671875
0 0.31484375 0.5515625 0.1359375 0.1734375
0 0.31640625 0.38046875 0.14140625 0.171875
0 0.31875 0.2125 0.13203125 0.1625
0 0.45390625 0.19453125 0.14296875 0.1484375
0 0.46484375 0.3453125 0.11953125 0.153125
0 0.4796875 0.5171875 0.15234375 0.19296875
0 0.47890625 0.69453125 0.15078125 0.16328125
0 0.63203125 0.878125 0.140625 0.18671875
0 0.62890625 0.696875 0.128125 0.16953125
0 0.61640625 0.52734375 0.1296875 0.16796875
0 0.61171875 0.35859375 0.1015625 0.16796875
0 0.60078125 0.19296875 0.11796875 0.15078125
0 0.70546875 0.18046875 0.13671875 0.1484375
0 0.72890625 0.340625 0.146875 0.17421875
0 0.7546875 0.51015625 0.13515625 0.159375
0 0.89375 0.34375 0.16640625 0.17109375
0 0.85625 0.1703125 0.13671875 0.171875