0 0.45078125 0.6828125 0.04921875 0.11796875
0 0.63125 0.47109375 0.04296875 0.09765625
1 0.19375 0.55625 0.03671875 0.0875
1 0.2 0.46875 0.040625 0.084375
0 0.36875 0.64609375 0.04765625 0.1078125
0 0.45234375 0.5609375 0.046875 0.09140625
0 0.4546875 0.453125 0.04609375 0.09140625
0 0.30390625 0.6421875 0.05234375 0.10859375
0 0.31015625 0.528125 0.05078125 0.0953125
0 0.38046875 0.41875 0.046875 0.0953125
0 0.45625 0.35 0.04609375 0.10078125
0 0.371875 0.525 0.04453125 0.09296875
0 0.409375 0.63828125 0.040625 0.10390625
0 0.24609375 0.6375 0.04453125 0.1046875
0 0.38515625 0.31484375 0.04765625 0.10078125
0 0.57734375 0.6921875 0.0453125 0.1
0 0.53203125 0.4359375 0.04140625 0.09140625
0 0.3203125 0.41875 0.04921875 0.0953125
0 0.3296875 0.31484375 0.05078125 0.09765625
0 0.45859375 0.24453125 0.04765625 0.09296875
0 0.53203125 0.6625 0.0421875 0.10234375
0 0.3921875 0.21171875 0.04765625 0.0953125
0 0.25390625 0.41875 0.0453125 0.1015625
0 0.58125 0.47109375 0.0453125 0.08984375
0 0.53359375 0.5484375 0.03984375 0.0890625
0 0.5359375 0.33515625 0.04296875 0.096875
0 0.33984375 0.2125 0.0484375 0.09140625
0 0.5828125 0.3671875 0.04296875 0.0890625
0 0.26484375 0.209375 0.0453125 0.0921875
0 0.2609375 0.31328125 0.04453125 0.09375
0 0.58046875 0.5796875 0.04453125 0.09609375
0 0.4609375 0.15625 0.0484375 0.0796875
0 0.2984375 0.3125 0.03671875 0.10078125
0 0.5390625 0.23125 0.0421875 0.096875
0 0.58671875 0.26796875 0.0484375 0.09921875
0 0.63203125 0.36796875 0.04375 0.09375
0 0.5296875 0.1546875 0.046875 0.07421875
0 0.5828125 0.16796875 0.04609375 0.09609375
0 0.634375 0.26796875 0.04609375 0.096875
0 0.63359375 0.17265625 0.0453125 0.09375
0 0.6265625 0.68125 0.0453125 0.11484375
0 0.725 0.66796875 0.04375 0.10234375
0 0.67890625 0.67421875 0.03984375 0.1046875
0 0.8203125 0.678125 0.04296875 0.09921875
0 0.72890625 0.559375 0.0421875 0.0953125
0 0.76796875 0.67734375 0.0390625 0.09765625
0 0.684375 0.5640625 0.0390625 0.0984375
0 0.6859375 0.46328125 0.040625 0.09453125
0 0.77109375 0.57109375 0.0390625 0.090625
0 0.73125 0.45625 0.04296875 0.090625
0 0.8171875 0.57265625 0.04140625 0.096875
0 0.73359375 0.35859375 0.04296875 0.0984375
0 0.8140625 0.4671875 0.0421875 0.09296875
0 0.734375 0.2609375 0.0421875 0.0953125
0 0.68671875 0.2640625 0.04296875 0.09765625
0 0.684375 0.3640625 0.040625 0.1015625
0 0.73515625 0.17421875 0.04609375 0.07578125
0 0.775 0.36953125 0.03515625 0.09609375
0 0.81171875 0.36640625 0.03984375 0.09609375
0 0.6859375 0.1765625 0.04296875 0.08046875
0 0.7765625 0.26953125 0.03125 0.0921875
0 0.81171875 0.26953125 0.03984375 0.0984375
0 0.81015625 0.18203125 0.04609375 0.0828125
1 0.20234375 0.39140625 0.03359375 0.084375
1 0.21171875 0.30234375 0.0359375 0.08671875
1 0.21171875 0.21328125 0.03671875 0.08515625
1 0.1734375 0.2140625 0.03359375 0.07578125
1 0.16328125 0.29453125 0.0359375 0.10234375
1 0.15546875 0.3765625 0.03828125 0.09140625
1 0.15234375 0.46484375 0.03671875 0.0890625
1 0.0984375 0.54375 0.0375 0.0953125
1 0.09921875 0.459375 0.0328125 0.09296875
1 0.1015625 0.37265625 0.03125 0.08515625
1 0.1078125 0.28125 0.03046875 0.08828125
1 0.1125 0.20234375 0.0328125 0.090625
1 0.07734375 0.21328125 0.03359375 0.0734375
1 0.06953125 0.3 0.03671875 0.08046875
1 0.06640625 0.3875 0.040625 0.0875
1 0.0609375 0.46015625 0.03671875 0.09453125
1 0.059375 0.553125 0.034375 0.0890625
0 0.771875 0.47109375 0.0390625 0.1046875
0 0.63203125 0.575 0.0453125 0.096875
0 0.24921875 0.52578125 0.046875 0.103125