0 0.46796875 0.53671875 0.06171875 0.12890625
0 0.278125 0.39296875 0.0375 0.07421875
0 0.31953125 0.39609375 0.04296875 0.078125
0 0.66328125 0.4765625 0.06796875 0.134375
0 0.24765625 0.403125 0.0375 0.084375
0 0.571875 0.50625 0.06640625 0.14453125
0 0.2828125 0.315625 0.0390625 0.0625
0 0.21328125 0.3234375 0.04921875 0.06640625
0 0.31875 0.31328125 0.03984375 0.0578125
0 0.21484375 0.26171875 0.05078125 0.07578125
0 0.4125 0.3 0.05625 0.11171875
0 0.4671875 0.4140625 0.06328125 0.10546875
0 0.24921875 0.31484375 0.03359375 0.06171875
0 0.31875 0.23828125 0.0390625 0.0625
0 0.25 0.253125 0.03359375 0.065625
0 0.21484375 0.175 0.046875 0.06875
0 0.253125 0.48125 0.05078125 0.0765625
0 0.28046875 0.171875 0.03984375 0.06484375
0 0.253125 0.115625 0.03671875 0.0640625
0 0.31015625 0.18046875 0.0484375 0.0671875
0 0.31875 0.121875 0.0375 0.06796875
0 0.57109375 0.39453125 0.06484375 0.1328125
0 0.4671875 0.31171875 0.059375 0.10859375
0 0.2140625 0.1140625 0.04296875 0.06796875
0 0.65 0.34921875 0.06640625 0.11015625
0 0.521875 0.521875 0.0453125 0.134375
0 0.6375 0.26015625 0.05859375 0.11328125
0 0.5765625 0.28828125 0.06171875 0.11015625
0 0.51875 0.3078125 0.053125 0.11484375
0 0.41484375 0.20546875 0.06015625 0.10546875
0 0.5203125 0.40234375 0.04375 0.10078125
0 0.5765625 0.1859375 0.05625 0.09609375
0 0.625 0.171875 0.06015625 0.0921875
0 0.46953125 0.209375 0.05390625 0.10625
0 0.2828125 0.1171875 0.03828125 0.0578125
0 0.521875 0.20390625 0.053125 0.10546875
0 0.25234375 0.19140625 0.03203125 0.046875
0 0.2828125 0.24140625 0.0375 0.05234375