0 0.3265625 0.2671875 0.09375 0.1578125
0 0.821875 0.73125 0.13359375 0.23359375
0 0.665625 0.728125 0.1390625 0.2640625
0 0.2296875 0.25546875 0.1109375 0.146875
0 0.2171875 0.40859375 0.10859375 0.17578125
0 0.3171875 0.4203125 0.11015625 0.1734375
0 0.54140625 0.70546875 0.1171875 0.253125
0 0.30703125 0.603125 0.128125 0.19140625
0 0.19765625 0.59609375 0.12265625 0.21484375
0 0.42734375 0.26796875 0.121875 0.17421875
0 0.80390625 0.484375 0.1421875 0.21015625
0 0.41171875 0.684375 0.1328125 0.25078125
0 0.28359375 0.8171875 0.12890625 0.21796875
0 0.67109375 0.496875 0.13046875 0.21171875
0 0.17734375 0.80859375 0.12578125 0.2140625
0 0.421875 0.453125 0.12421875 0.20625
0 0.55390625 0.278125 0.12265625 0.19375
0 0.54609375 0.471875 0.1203125 0.2078125
0 0.79609375 0.284375 0.1328125 0.2140625
0 0.67109375 0.2796875 0.12890625 0.2