0 0.5921875 0.83046875 0.0546875 0.121875
0 0.3328125 0.8765625 0.04765625 0.11875
0 0.28359375 0.6421875 0.05390625 0.11875
0 0.225 0.640625 0.053125 0.1125
0 0.3375 0.63828125 0.05390625 0.1125
0 0.1703125 0.63515625 0.0578125 0.109375
0 0.215625 0.88125 0.053125 0.1203125
0 0.2796875 0.75546875 0.0546875 0.11171875
0 0.284375 0.525 0.0546875 0.11015625
0 0.33984375 0.525 0.0515625 0.10546875
0 0.33515625 0.7546875 0.05390625 0.1109375
0 0.4125 0.6125 0.05546875 0.10859375
0 0.16015625 0.87734375 0.0609375 0.11953125
0 0.228125 0.525 0.05234375 0.10625
0 0.165625 0.75234375 0.05859375 0.11171875
0 0.221875 0.75078125 0.0515625 0.12109375
0 0.1796875 0.4125 0.0515625 0.1
0 0.409375 0.5046875 0.0546875 0.11640625
0 0.1078125 0.84296875 0.053125 0.1171875
0 0.41796875 0.84609375 0.053125 0.11875
0 0.40625 0.390625 0.05390625 0.1078125
0 0.34375 0.4109375 0.0515625 0.1
0 0.2921875 0.30546875 0.0515625 0.103125
0 0.12734375 0.49296875 0.05078125 0.11015625
0 0.2875 0.4125 0.05390625 0.1015625
0 0.2390625 0.30546875 0.04921875 0.10234375
0 0.459375 0.384375 0.05390625 0.109375
0 0.3453125 0.30859375 0.04921875 0.103125
0 0.13125 0.3859375 0.05390625 0.1078125
0 0.415625 0.725 0.05625 0.11015625
0 0.34609375 0.2 0.05 0.10078125
0 0.11328125 0.71875 0.0515625 0.1078125
0 0.52265625 0.60390625 0.05234375 0.1125
0 0.08046875 0.38359375 0.05234375 0.10234375
0 0.4015625 0.28359375 0.053125 0.10625
0 0.0546875 0.8375 0.05625 0.11875
0 0.06796875 0.60859375 0.053125 0.11171875
0 0.2953125 0.1984375 0.05234375 0.10234375
0 0.47421875 0.71953125 0.05390625 0.109375
0 0.1875 0.30546875 0.04921875 0.1015625
0 0.24296875 0.1984375 0.05 0.096875
0 0.08984375 0.2734375 0.05078125 0.0984375
0 0.5765625 0.59609375 0.05 0.103125
0 0.51640625 0.490625 0.05 0.10703125
0 0.5359375 0.83828125 0.05390625 0.11484375
0 0.13828125 0.27578125 0.05546875 0.103125
0 0.19140625 0.19921875 0.05 0.0953125
0 0.396875 0.1796875 0.053125 0.10234375
0 0.528125 0.71640625 0.05234375 0.1078125
0 0.234375 0.4125 0.05 0.1
0 0.4484375 0.1734375 0.053125 0.10234375
0 0.57109375 0.48671875 0.0515625 0.10390625
0 0.275 0.87734375 0.0609375 0.125
0 0.06328125 0.71953125 0.05234375 0.10625
0 0.5109375 0.38125 0.0515625 0.10546875
0 0.1453125 0.17265625 0.05078125 0.09453125
0 0.55625 0.2703125 0.04921875 0.103125
0 0.503125 0.2734375 0.04921875 0.1015625
0 0.11953125 0.609375 0.0515625 0.11171875
0 0.2484375 0.0984375 0.0515625 0.0953125
0 0.2984375 0.0984375 0.0515625 0.096875
0 0.34765625 0.09765625 0.053125 0.096875
0 0.196875 0.0953125 0.0515625 0.09609375
0 0.56171875 0.3765625 0.0546875 0.11171875
0 0.45703125 0.2734375 0.05859375 0.1078125
0 0.0953125 0.16953125 0.0484375 0.096875
0 0.44375 0.08046875 0.05078125 0.08125
0 0.55 0.16484375 0.04765625 0.1015625
0 0.4984375 0.16953125 0.04765625 0.103125
0 0.49375 0.07734375 0.05 0.0828125
0 0.1515625 0.0828125 0.05078125 0.08046875
0 0.10390625 0.08046875 0.05 0.07734375
0 0.46484375 0.50078125 0.04921875 0.10625
0 0.47109375 0.609375 0.04765625 0.10078125
0 0.48046875 0.84609375 0.046875 0.1125
0 0.5890625 0.71640625 0.06015625 0.11328125
0 0.1734375 0.52578125 0.04921875 0.103125
0 0.07578125 0.49296875 0.0390625 0.10859375