0 0.671875 0.91875 0.07734375 0.109375
1 0.79609375 0.9421875 0.09609375 0.1125
0 0.5734375 0.90078125 0.0953125 0.1109375
0 0.39453125 0.87265625 0.08359375 0.10859375
0 0.67265625 0.8015625 0.09140625 0.1171875
0 0.48125 0.88359375 0.08125 0.11328125
1 0.9484375 0.95390625 0.103125 0.0890625
0 0.5765625 0.79140625 0.09765625 0.11171875
1 0.8109375 0.82578125 0.10078125 0.11171875
1 0.96015625 0.85 0.07890625 0.1171875
1 0.89921875 0.83046875 0.0875 0.115625
0 0.48359375 0.7765625 0.0828125 0.11328125
0 0.678125 0.6875 0.0859375 0.1109375
1 0.8109375 0.7046875 0.10390625 0.10625
1 0.9125 0.71953125 0.0921875 0.109375
0 0.590625 0.4421875 0.10546875 0.1078125
0 0.3953125 0.76484375 0.08515625 0.1078125
0 0.6890625 0.44375 0.09765625 0.1078125
0 0.6859375 0.5640625 0.0921875 0.10859375
1 0.8953125 0.94609375 0.0765625 0.1
0 0.58203125 0.678125 0.10078125 0.109375
0 0.4921875 0.43828125 0.09140625 0.10625
0 0.4859375 0.6625 0.08828125 0.10703125
0 0.40234375 0.4375 0.0890625 0.10625
1 0.8171875 0.5921875 0.096875 0.09921875
0 0.5859375 0.56015625 0.10078125 0.11171875
0 0.3984375 0.65859375 0.08671875 0.1046875
0 0.703125 0.32421875 0.09140625 0.11640625
1 0.91171875 0.60234375 0.1296875 0.115625
0 0.40078125 0.5421875 0.0859375 0.0953125
0 0.48984375 0.55390625 0.090625 0.1078125
1 0.8265625 0.346875 0.11015625 0.115625
0 0.5 0.32421875 0.09609375 0.11171875
0 0.59921875 0.325 0.109375 0.11875
1 0.93046875 0.48828125 0.134375 0.109375
1 0.821875 0.46953125 0.10078125 0.1078125
0 0.3328125 0.78671875 0.03671875 0.10390625
1 0.96953125 0.71328125 0.0609375 0.1328125
0 0.71953125 0.2234375 0.09453125 0.08125
0 0.40703125 0.3234375 0.0984375 0.115625
0 0.33515625 0.67578125 0.04375 0.09609375
1 0.9421875 0.3484375 0.11484375 0.13046875
1 0.828125 0.228125 0.1109375 0.11953125
0 0.609375 0.22578125 0.1078125 0.0828125
0 0.4203125 0.225 0.103125 0.08203125
0 0.5125 0.225 0.103125 0.0796875
1 0.94375 0.2234375 0.1125 0.13046875
0 0.340625 0.5578125 0.046875 0.08515625
1 0.74453125 0.784375 0.034375 0.10546875
0 0.35 0.35078125 0.0328125 0.09375
0 0.34375 0.44921875 0.04296875 0.09609375
0 0.3625 0.24140625 0.05859375 0.10546875