0 0.6078125 0.35 0.084375 0.0921875
0 0.303125 0.86796875 0.08984375 0.10078125
0 0.41484375 0.8078125 0.07734375 0.10625
0 0.49375 0.796875 0.08671875 0.1140625
0 0.41640625 0.6921875 0.09140625 0.103125
0 0.565625 0.68203125 0.0828125 0.10625
0 0.49375 0.6921875 0.084375 0.0953125
0 0.2 0.89765625 0.09140625 0.1140625
0 0.4171875 0.58125 0.08984375 0.09296875
0 0.13359375 0.91875 0.0765625 0.09453125
0 0.11484375 0.7546875 0.07734375 0.1
0 0.49140625 0.5890625 0.08359375 0.08515625
0 0.42109375 0.48203125 0.08515625 0.10078125
0 0.55703125 0.4859375 0.084375 0.090625
0 0.54921875 0.403125 0.08203125 0.12734375
0 0.565625 0.571875 0.08671875 0.08203125
0 0.4140625 0.31953125 0.0859375 0.09375
0 0.41484375 0.39140625 0.084375 0.08828125
0 0.7375 0.49453125 0.06328125 0.09765625
0 0.47734375 0.31484375 0.071875 0.0921875
0 0.4828125 0.40625 0.0765625 0.09921875
0 0.2953125 0.4828125 0.08203125 0.10703125
0 0.29765625 0.3734375 0.06875 0.09140625
0 0.29140625 0.76015625 0.075 0.11328125
0 0.72578125 0.37109375 0.084375 0.065625
0 0.725 0.30703125 0.0828125 0.0625
0 0.2890625 0.634375 0.07734375 0.11953125
0 0.8265625 0.4515625 0.075 0.06484375
0 0.84140625 0.52421875 0.096875 0.05859375
0 0.11875 0.646875 0.065625 0.1046875
0 0.1296875 0.534375 0.0625 0.1046875
0 0.134375 0.41640625 0.04375 0.1015625