0 0.71640625 0.725 0.09609375 0.08984375
0 0.61484375 0.71640625 0.09921875 0.10234375
0 0.5171875 0.70625 0.08671875 0.09296875
0 0.528125 0.6234375 0.08671875 0.08359375
0 0.6203125 0.628125 0.1 0.0875
0 0.43984375 0.69375 0.078125 0.0921875
0 0.7171875 0.6234375 0.09921875 0.08671875
0 0.44609375 0.6140625 0.07734375 0.075
0 0.53984375 0.53984375 0.0890625 0.08046875
0 0.72578125 0.53125 0.0953125 0.06875
0 0.6328125 0.46484375 0.09453125 0.078125
0 0.7328125 0.45859375 0.1 0.08203125
0 0.54453125 0.46328125 0.0890625 0.0765625
0 0.45625 0.52578125 0.07578125 0.06796875
0 0.73828125 0.3765625 0.09765625 0.08671875
0 0.4703125 0.45546875 0.078125 0.0765625
0 0.64375 0.3828125 0.09296875 0.08203125
0 0.4765625 0.38359375 0.0765625 0.0765625
0 0.553125 0.3875 0.08984375 0.078125
0 0.74140625 0.29453125 0.0921875 0.08046875
0 0.646875 0.3078125 0.09140625 0.08046875
0 0.47890625 0.31328125 0.0765625 0.075
0 0.6484375 0.23046875 0.0921875 0.0796875
0 0.56015625 0.3171875 0.0921875 0.08046875
0 0.74765625 0.21953125 0.08984375 0.0765625
0 0.56796875 0.240625 0.09140625 0.07734375
0 0.4890625 0.2484375 0.07890625 0.071875