0 0.5296875 0.815625 0.10546875 0.121875
0 0.95390625 0.3140625 0.0609375 0.096875
1 0.8046875 0.6328125 0.07734375 0.109375
1 0.903125 0.63828125 0.0921875 0.11640625
1 0.91015625 0.5296875 0.0875 0.0953125
1 0.8078125 0.52890625 0.09140625 0.08984375
0 0.94921875 0.22109375 0.09609375 0.10859375
1 0.91796875 0.425 0.08671875 0.11640625
1 0.971875 0.63125 0.05625 0.12421875
0 0.54453125 0.67890625 0.1109375 0.1328125
0 0.38515625 0.78203125 0.08984375 0.1359375
0 0.309375 0.66328125 0.0984375 0.12578125
1 0.97890625 0.53046875 0.0421875 0.09140625
0 0.41484375 0.65703125 0.06484375 0.125
0 0.56875 0.5453125 0.1171875 0.128125
0 0.225 0.42578125 0.08125 0.128125
0 0.2125 0.60625 0.09140625 0.2046875
0 0.34375 0.42109375 0.0859375 0.13984375
0 0.47109375 0.728125 0.07890625 0.2421875
0 0.64296875 0.39453125 0.13515625 0.1453125
0 0.4625 0.315625 0.0703125 0.09921875
0 0.4421875 0.421875 0.06171875 0.1015625
0 0.57421875 0.215625 0.071875 0.1
0 0.66484375 0.2734375 0.09140625 0.10625
0 0.48515625 0.5515625 0.06171875 0.09921875
0 0.6875 0.171875 0.12578125 0.0765625
0 0.34453125 0.5515625 0.06953125 0.09375
0 0.35859375 0.77421875 0.0421875 0.09296875
0 0.55703125 0.434375 0.0546875 0.0890625
0 0.3703125 0.32734375 0.06953125 0.09453125
0 0.28203125 0.23984375 0.075 0.071875
0 0.2234375 0.54453125 0.059375 0.0859375
0 0.4515625 0.2171875 0.07578125 0.0765625
0 0.25390625 0.3359375 0.06953125 0.0859375
0 0.49921875 0.4296875 0.059375 0.09375
0 0.50546875 0.3125 0.06328125 0.0953125
0 0.403125 0.228125 0.0703125 0.075
0 0.57265625 0.31484375 0.0609375 0.09453125
0 0.421875 0.31640625 0.053125 0.09375