0 0.803125 0.69453125 0.10078125 0.12421875
0 0.334375 0.78359375 0.0609375 0.1125
1 0.46484375 0.7921875 0.0796875 0.14375
1 0.4625 0.62734375 0.0859375 0.15390625
1 0.39375 0.8 0.06171875 0.1578125
0 0.696875 0.56171875 0.10546875 0.13359375
0 0.60546875 0.75546875 0.09765625 0.12109375
0 0.67890625 0.3453125 0.10859375 0.13125
1 0.4625 0.4796875 0.08125 0.14140625
0 0.91171875 0.4578125 0.103125 0.11640625
1 0.4609375 0.94375 0.09453125 0.1109375
1 0.41640625 0.48671875 0.05546875 0.140625
0 0.71640625 0.72421875 0.1015625 0.18671875
1 0.4671875 0.34296875 0.078125 0.13828125
0 0.790625 0.5453125 0.1125 0.1765625
1 0.40078125 0.63984375 0.05078125 0.146875
0 0.88828125 0.23984375 0.11015625 0.1171875
0 0.6046875 0.52734375 0.0953125 0.14375
0 0.784375 0.4296875 0.1078125 0.115625
0 0.778125 0.3125 0.1078125 0.13046875
0 0.5328125 0.48125 0.08203125 0.0953125
1 0.38671875 0.94765625 0.0640625 0.103125
0 0.67265625 0.24375 0.109375 0.1
0 0.684375 0.45 0.10390625 0.11796875
0 0.5328125 0.62890625 0.06640625 0.1234375
0 0.60703125 0.2984375 0.0796875 0.1359375
0 0.9078125 0.3703125 0.11015625 0.12109375
1 0.88125 0.5921875 0.06328125 0.12109375
0 0.3703125 0.3703125 0.0796875 0.1375
0 0.60390625 0.378125 0.078125 0.09375
0 0.534375 0.3734375 0.071875 0.07265625
1 0.42578125 0.35078125 0.0484375 0.1296875
0 0.815625 0.8046875 0.10546875 0.08359375
0 0.35078125 0.49609375 0.06953125 0.134375
1 0.98203125 0.284375 0.0359375 0.125
0 0.60859375 0.63828125 0.0984375 0.08828125
0 0.603125 0.43828125 0.08046875 0.0796875
1 0.96484375 0.625 0.059375 0.12265625
0 0.3421875 0.6390625 0.05625 0.11875