0 0.165625 0.84609375 0.034375 0.11953125
1 0.2671875 0.8359375 0.02734375 0.103125
0 0.49453125 0.878125 0.02421875 0.08125
1 0.2375 0.83828125 0.0375 0.1171875
0 0.20625 0.8421875 0.03984375 0.125
0 0.17109375 0.7171875 0.04765625 0.12421875
0 0.178125 0.60078125 0.04375 0.11015625
0 0.18359375 0.47890625 0.04453125 0.109375
0 0.215625 0.60078125 0.04140625 0.11953125
1 0.24453125 0.721875 0.03359375 0.1140625
0 0.21171875 0.721875 0.040625 0.11640625
1 0.25 0.5046875 0.0328125 0.09765625
1 0.28671875 0.4171875 0.03515625 0.11875
0 0.18515625 0.41328125 0.0484375 0.12734375
0 0.19609375 0.16171875 0.03828125 0.1125
0 0.153125 0.39140625 0.0375 0.121875
0 0.19140625 0.265625 0.04140625 0.11171875
1 0.2609375 0.3109375 0.04140625 0.10390625
0 0.22578125 0.37890625 0.034375 0.115625
0 0.1984375 0.07265625 0.03828125 0.1
1 0.3046875 0.75625 0.03828125 0.1046875
0 0.2203125 0.4953125 0.03828125 0.12890625
0 0.1625 0.28203125 0.0359375 0.10390625
0 0.22421875 0.19375 0.034375 0.10390625
0 0.228125 0.28515625 0.03515625 0.11171875
0 0.23203125 0.0953125 0.03671875 0.0984375
1 0.265625 0.1265625 0.0359375 0.09765625
1 0.31796875 0.44375 0.03359375 0.096875
1 0.26171875 0.2171875 0.03359375 0.1
1 0.3125 0.5546875 0.03671875 0.11796875
1 0.30703125 0.6421875 0.0359375 0.0921875
1 0.32109375 0.35703125 0.034375 0.103125
1 0.27109375 0.73125 0.02578125 0.0921875
1 0.278125 0.6203125 0.02109375 0.09296875
1 0.24765625 0.61796875 0.03515625 0.084375
1 0.27734375 0.52578125 0.02734375 0.1015625
1 0.2953125 0.87734375 0.02421875 0.11171875
0 0.55625 0.8609375 0.01015625 0.06796875
0 0.5375 0.8625 0.02109375 0.06796875
0 0.5140625 0.8578125 0.01875 0.07421875
0 0.55859375 0.7875 0.01640625 0.0625
0 0.559375 0.71875 0.01796875 0.065625
0 0.5609375 0.64921875 0.01484375 0.0734375
0 0.56171875 0.58359375 0.015625 0.0578125
0 0.5609375 0.5171875 0.01640625 0.0734375
0 0.559375 0.45078125 0.01484375 0.059375
0 0.55859375 0.38828125 0.01640625 0.0640625
0 0.5578125 0.3234375 0.015625 0.06328125
0 0.53828125 0.3109375 0.01640625 0.04453125
0 0.53828125 0.365625 0.0171875 0.06484375
0 0.53828125 0.43828125 0.01484375 0.05703125
0 0.5390625 0.50078125 0.0171875 0.07109375
0 0.5390625 0.571875 0.01875 0.065625
0 0.53828125 0.63671875 0.0171875 0.0671875
0 0.5375 0.7140625 0.01953125 0.06796875
0 0.53984375 0.78046875 0.0234375 0.06640625
0 0.5203125 0.77421875 0.015625 0.06640625
0 0.51953125 0.7015625 0.015625 0.0609375
0 0.51953125 0.63359375 0.015625 0.075
0 0.521875 0.55703125 0.0125 0.059375
0 0.52265625 0.49375 0.0140625 0.0671875
0 0.521875 0.42265625 0.015625 0.06484375
0 0.521875 0.36015625 0.0140625 0.065625
0 0.52109375 0.29765625 0.0109375 0.059375
0 0.4953125 0.7984375 0.01875 0.07421875
0 0.496875 0.7203125 0.0203125 0.065625
0 0.49765625 0.6515625 0.01875 0.0703125
0 0.49765625 0.57890625 0.01953125 0.07578125
0 0.4984375 0.50859375 0.015625 0.06328125
0 0.5 0.4390625 0.01953125 0.07578125
0 0.50078125 0.36484375 0.01796875 0.07265625
0 0.5 0.296875 0.0171875 0.0625
0 0.453125 0.85 0.01875 0.08046875
0 0.45625 0.77265625 0.01953125 0.07109375
0 0.45390625 0.69296875 0.01484375 0.071875
0 0.45546875 0.6203125 0.01796875 0.0625
0 0.45703125 0.5515625 0.015625 0.07578125
0 0.45859375 0.46875 0.0109375 0.07265625
0 0.46015625 0.3984375 0.01171875 0.05078125
0 0.46171875 0.33125 0.015625 0.06953125
0 0.4609375 0.2625 0.01484375 0.06796875
0 0.4328125 0.84765625 0.01640625 0.07578125
0 0.43671875 0.76953125 0.0140625 0.075
0 0.4390625 0.69296875 0.01484375 0.08046875
0 0.440625 0.6140625 0.01328125 0.0734375
0 0.44140625 0.53515625 0.01640625 0.0828125
0 0.44296875 0.46171875 0.0125 0.06875
0 0.44375 0.3890625 0.0171875 0.0765625
0 0.44375 0.32109375 0.01171875 0.06640625
0 0.44140625 0.2484375 0.0140625 0.07109375
0 0.41640625 0.8453125 0.01796875 0.0734375
0 0.41640625 0.7703125 0.01796875 0.07578125
0 0.4203125 0.69375 0.02109375 0.07421875
0 0.4203125 0.615625 0.02109375 0.08359375
0 0.421875 0.534375 0.01484375 0.08125
0 0.425 0.4578125 0.02109375 0.07421875
0 0.425 0.38203125 0.01875 0.07578125
0 0.42578125 0.309375 0.02109375 0.06875
0 0.42734375 0.2375 0.01640625 0.075
0 0.40859375 0.2234375 0.02109375 0.0484375
0 0.40859375 0.2921875 0.021875 0.09140625
0 0.4078125 0.36328125 0.021875 0.05390625
0 0.40546875 0.4375 0.01796875 0.09609375
0 0.40390625 0.51953125 0.02265625 0.06953125
0 0.4 0.5953125 0.015625 0.0828125
0 0.39765625 0.67734375 0.02109375 0.08125
0 0.39609375 0.7609375 0.01875 0.08671875
0 0.39453125 0.84375 0.0203125 0.0796875
0 0.37265625 0.840625 0.0234375 0.08515625
0 0.37265625 0.76015625 0.02421875 0.0765625
0 0.37421875 0.67734375 0.01953125 0.0875
0 0.37578125 0.59375 0.02265625 0.07890625
0 0.37734375 0.51484375 0.01953125 0.078125
0 0.37734375 0.4375 0.0203125 0.07890625
0 0.37890625 0.35703125 0.01640625 0.08046875
0 0.38046875 0.27890625 0.01953125 0.075
0 0.37890625 0.2046875 0.02265625 0.07265625
0 0.3546875 0.190625 0.01953125 0.07265625
0 0.35703125 0.2625 0.0125 0.090625
0 0.34921875 0.34609375 0.02421875 0.08515625
0 0.3484375 0.425 0.0234375 0.09375
0 0.34453125 0.50234375 0.01796875 0.08125
0 0.3453125 0.584375 0.02421875 0.0796875
0 0.340625 0.66484375 0.021875 0.08515625
0 0.33828125 0.759375 0.01953125 0.07734375
0 0.33515625 0.840625 0.02578125 0.0921875
1 0.28984375 0.31875 0.0234375 0.0703125
1 0.29453125 0.234375 0.02109375 0.0921875
1 0.30078125 0.14921875 0.0265625 0.071875
1 0.3296875 0.178125 0.02265625 0.08203125
1 0.32578125 0.2578125 0.02421875 0.0859375