1 0.56796875 0.921875 0.08515625 0.134375
1 0.40390625 0.9203125 0.07109375 0.140625
1 0.5625 0.78046875 0.0609375 0.125
1 0.49453125 0.7796875 0.0609375 0.12109375
1 0.34296875 0.915625 0.07265625 0.1375
1 0.4984375 0.92421875 0.06171875 0.12890625
1 0.34140625 0.78359375 0.06953125 0.134375
1 0.5609375 0.64296875 0.059375 0.1078125
1 0.4890625 0.64375 0.06015625 0.10859375
1 0.34765625 0.646875 0.07578125 0.1109375
1 0.41328125 0.78984375 0.06796875 0.12734375
1 0.41640625 0.646875 0.0625 0.115625
1 0.48125 0.515625 0.0734375 0.125
1 0.3453125 0.51796875 0.06953125 0.1203125
1 0.34453125 0.38828125 0.07421875 0.128125
1 0.48046875 0.3859375 0.0734375 0.12578125
1 0.41484375 0.51640625 0.06640625 0.1359375
1 0.409375 0.38984375 0.06484375 0.1390625
1 0.54921875 0.5171875 0.07265625 0.13125
1 0.55078125 0.38515625 0.06015625 0.1171875