0 0.42734375 0.85703125 0.0609375 0.13984375
0 0.28828125 0.734375 0.075 0.12734375
1 0.20625 0.81640625 0.0625 0.140625
1 0.13125 0.84140625 0.0515625 0.1515625
0 0.2921875 0.5984375 0.08203125 0.125
0 0.6109375 0.85625 0.0515625 0.13046875
0 0.2984375 0.48828125 0.0765625 0.115625
0 0.4765625 0.696875 0.05859375 0.1265625
0 0.53203125 0.70859375 0.0453125 0.12265625
0 0.39375 0.71875 0.05 0.11796875
0 0.6015625 0.575 0.0484375 0.11484375
0 0.30703125 0.2875 0.07421875 0.11796875
0 0.59609375 0.70546875 0.02890625 0.11328125
1 0.11953125 0.43046875 0.07421875 0.09140625
1 0.21796875 0.66953125 0.07265625 0.09453125
0 0.52734375 0.45078125 0.05546875 0.10390625
1 0.23671875 0.409375 0.0640625 0.09453125
0 0.534375 0.575 0.04140625 0.115625
0 0.30546875 0.3796875 0.075 0.1140625
0 0.475 0.43828125 0.04296875 0.11640625
0 0.3984375 0.57265625 0.03828125 0.11171875
0 0.54140625 0.328125 0.04609375 0.10546875
1 0.22578125 0.53671875 0.0734375 0.103125
0 0.5984375 0.44765625 0.0453125 0.096875
0 0.47734375 0.321875 0.05 0.10390625
0 0.33203125 0.8609375 0.0578125 0.1453125
0 0.5953125 0.33046875 0.0453125 0.096875
0 0.48046875 0.56484375 0.0546875 0.1203125
0 0.40859375 0.23515625 0.04609375 0.08125
0 0.40859375 0.3375 0.04765625 0.10625
0 0.31484375 0.20703125 0.075 0.06015625
1 0.09453125 0.68828125 0.06953125 0.11484375
1 0.246875 0.29609375 0.0625 0.09765625
1 0.1078125 0.55625 0.07890625 0.1109375
1 0.1359375 0.31328125 0.07265625 0.096875
0 0.47578125 0.2234375 0.0484375 0.06796875
0 0.27578125 0.84140625 0.07734375 0.08046875
1 0.16796875 0.540625 0.05234375 0.12265625
0 0.5390625 0.22890625 0.0640625 0.07578125
1 0.03046875 0.84140625 0.05234375 0.13828125
0 0.52890625 0.865625 0.0453125 0.13046875
0 0.4125 0.453125 0.0421875 0.09375
1 0.18046875 0.41484375 0.03515625 0.1203125
1 0.19375 0.2890625 0.03515625 0.1171875
1 0.15 0.690625 0.04140625 0.140625
1 0.07734375 0.84140625 0.05 0.13359375
1 0.1484375 0.215625 0.06171875 0.0828125
0 0.34453125 0.7140625 0.04765625 0.11796875
0 0.353125 0.57734375 0.04921875 0.1109375
0 0.35625 0.4515625 0.05078125 0.11171875
0 0.35859375 0.33125 0.0359375 0.10546875
0 0.365625 0.2296875 0.03515625 0.1078125