0 0.225 0.14140625 0.046875 0.1
0 0.22578125 0.2640625 0.0515625 0.1140625
0 0.22578125 0.39140625 0.06171875 0.1203125
0 0.2265625 0.534375 0.059375 0.12734375
0 0.26953125 0.82578125 0.053125 0.1375
0 0.2171875 0.8328125 0.03984375 0.1265625
0 0.27578125 0.6765625 0.0546875 0.12578125
0 0.284375 0.53359375 0.04375 0.12109375
0 0.28125 0.39453125 0.04765625 0.12734375
0 0.28203125 0.2625 0.0453125 0.12109375
0 0.28125 0.13828125 0.05078125 0.10703125
0 0.3390625 0.13671875 0.05078125 0.103125
0 0.4 0.140625 0.05 0.10625
0 0.34296875 0.2625 0.0546875 0.11640625
0 0.45703125 0.14140625 0.05546875 0.1125
0 0.51640625 0.134375 0.05859375 0.1140625
0 0.5765625 0.13671875 0.059375 0.11953125
0 0.63046875 0.134375 0.06328125 0.11953125
0 0.6875 0.12890625 0.05703125 0.11328125
0 0.74140625 0.1296875 0.0671875 0.11875
0 0.79453125 0.12265625 0.06640625 0.1046875
0 0.80859375 0.24921875 0.06171875 0.12265625
0 0.75703125 0.2546875 0.0515625 0.1109375
0 0.690625 0.253125 0.0625 0.121875
0 0.6359375 0.25625 0.06796875 0.125
0 0.578125 0.26171875 0.059375 0.11875
0 0.51953125 0.2609375 0.0640625 0.121875
0 0.46015625 0.2625 0.0671875 0.1296875
0 0.4 0.26875 0.05625 0.12421875
0 0.34140625 0.3984375 0.0609375 0.1265625
0 0.4 0.40234375 0.05703125 0.125
0 0.46171875 0.39375 0.05859375 0.125
0 0.5203125 0.39453125 0.059375 0.1234375
0 0.58203125 0.3921875 0.05234375 0.12109375
0 0.64296875 0.3875 0.06015625 0.12109375
0 0.6953125 0.3859375 0.06015625 0.12421875
0 0.75625 0.384375 0.05390625 0.1265625
0 0.81953125 0.3796875 0.0609375 0.128125
0 0.82578125 0.51484375 0.05703125 0.12421875
0 0.76953125 0.52578125 0.0546875 0.12734375
0 0.70625 0.51796875 0.059375 0.12265625
0 0.65 0.52109375 0.05625 0.1203125
0 0.5875 0.51953125 0.059375 0.13125
0 0.525 0.5296875 0.05703125 0.12578125
0 0.4640625 0.52421875 0.0625 0.1203125
0 0.4015625 0.5328125 0.05625 0.13203125
0 0.33828125 0.53359375 0.0609375 0.121875
0 0.33984375 0.675 0.06015625 0.12109375
0 0.39453125 0.671875 0.06015625 0.13203125
0 0.46640625 0.67421875 0.06484375 0.14296875
0 0.52578125 0.66796875 0.06015625 0.13125
0 0.59140625 0.6625 0.06015625 0.128125
0 0.65703125 0.6671875 0.06484375 0.13671875
0 0.71640625 0.6625 0.0609375 0.134375
0 0.771875 0.65703125 0.059375 0.13515625
0 0.83515625 0.6546875 0.05859375 0.128125
0 0.8421875 0.7890625 0.0625 0.134375
0 0.78125 0.7984375 0.05703125 0.1359375
0 0.7265625 0.80859375 0.06015625 0.140625
0 0.6609375 0.80859375 0.06015625 0.1328125
0 0.59140625 0.80390625 0.0609375 0.14609375
0 0.53203125 0.8125 0.0640625 0.13359375
0 0.46484375 0.81640625 0.0671875 0.14140625
0 0.403125 0.81875 0.0625 0.1453125
0 0.33828125 0.8203125 0.06640625 0.13203125