0 0.41875 0.8109375 0.09140625 0.0890625
1 0.8078125 0.87421875 0.14765625 0.203125
0 0.2828125 0.80078125 0.1171875 0.1046875
0 0.18359375 0.3609375 0.11953125 0.10859375
1 0.81796875 0.66796875 0.17578125 0.2078125
0 0.1828125 0.46796875 0.11796875 0.0984375
0 0.6578125 0.68125 0.10234375 0.0796875
0 0.3015625 0.48671875 0.1140625 0.09296875
1 0.79609375 0.4703125 0.16484375 0.209375
0 0.55390625 0.790625 0.11015625 0.13046875
0 0.29453125 0.58828125 0.1125 0.08984375
0 0.4234375 0.27421875 0.11484375 0.103125
0 0.54609375 0.57890625 0.10234375 0.0890625
0 0.17265625 0.67890625 0.11015625 0.0828125
0 0.6546875 0.57734375 0.1109375 0.0859375
0 0.16484375 0.7921875 0.11171875 0.1125
0 0.29921875 0.37734375 0.1203125 0.1109375
0 0.3078125 0.271875 0.12109375 0.09453125
0 0.4203125 0.69453125 0.1109375 0.08671875
0 0.64375 0.36328125 0.12578125 0.1046875
0 0.528125 0.2671875 0.109375 0.09453125
0 0.5296875 0.3703125 0.1140625 0.11328125
0 0.2015625 0.2609375 0.1390625 0.090625
0 0.65703125 0.80078125 0.103125 0.09921875
0 0.4203125 0.3796875 0.11015625 0.11015625
0 0.54375 0.48125 0.0953125 0.10703125
0 0.640625 0.26328125 0.12265625 0.0921875
0 0.55 0.684375 0.09921875 0.090625
0 0.29140625 0.684375 0.11875 0.07734375
1 0.7796875 0.2890625 0.16171875 0.16015625
0 0.64296875 0.47890625 0.11953125 0.109375
0 0.425 0.58125 0.10703125 0.06796875
0 0.18046875 0.5640625 0.10859375 0.07109375
0 0.41953125 0.49140625 0.109375 0.1109375