1 0.340625 0.5671875 0.046875 0.11171875
1 0.203125 0.596875 0.04921875 0.10625
1 0.65078125 0.68046875 0.0484375 0.10078125
0 0.91171875 0.79609375 0.06171875 0.11171875
0 0.78984375 0.70859375 0.05 0.1
1 0.6515625 0.5703125 0.05078125 0.09921875
1 0.6 0.5703125 0.05390625 0.10234375
1 0.27109375 0.5859375 0.06015625 0.10546875
1 0.41328125 0.49765625 0.0640625 0.1
1 0.41171875 0.59921875 0.06328125 0.11015625
0 0.78671875 0.60625 0.0453125 0.0828125
1 0.65 0.46328125 0.05 0.09375
0 0.7828125 0.51640625 0.04453125 0.08671875
1 0.6 0.46015625 0.05078125 0.09453125
1 0.5984375 0.6671875 0.05234375 0.0796875
0 0.853125 0.7 0.04921875 0.09453125
0 0.72421875 0.43125 0.0484375 0.090625
0 0.8609375 0.8140625 0.05625 0.11953125
1 0.34296875 0.4671875 0.059375 0.10625
1 0.27421875 0.4859375 0.0578125 0.1015625
0 0.75703125 0.70546875 0.03125 0.0875
0 0.84921875 0.59921875 0.0421875 0.07421875
1 0.5578125 0.57890625 0.03515625 0.09375
0 0.71484375 0.6078125 0.04375 0.0765625
0 0.90234375 0.56953125 0.05546875 0.09765625
1 0.496875 0.5078125 0.04921875 0.0984375
0 0.8421875 0.428125 0.04375 0.0921875
1 0.64921875 0.36171875 0.05 0.10078125
0 0.78046875 0.33203125 0.0453125 0.0828125
0 0.78125 0.421875 0.046875 0.0828125
0 0.796875 0.82265625 0.0546875 0.11484375
1 0.3453125 0.28671875 0.059375 0.09609375
0 0.9109375 0.68515625 0.05390625 0.10390625
1 0.55625 0.66328125 0.03359375 0.0640625
0 0.7171875 0.5203125 0.04765625 0.08203125
0 0.78203125 0.24375 0.0484375 0.08828125
1 0.34296875 0.37734375 0.05625 0.0921875
1 0.5453125 0.7078125 0.03984375 0.07109375
1 0.6 0.3609375 0.05078125 0.1
1 0.2796875 0.38359375 0.0578125 0.0890625
0 0.75234375 0.51875 0.03359375 0.08671875
0 0.709375 0.70546875 0.04609375 0.090625
0 0.84453125 0.51328125 0.040625 0.08359375
1 0.6484375 0.26171875 0.046875 0.1
1 0.60078125 0.25859375 0.05234375 0.1046875
0 0.73359375 0.1671875 0.04453125 0.08125
1 0.5109375 0.3109375 0.0515625 0.096875
0 0.8875 0.240625 0.05625 0.0953125
0 0.69296875 0.2546875 0.034375 0.08046875
1 0.278125 0.2859375 0.05703125 0.08984375
0 0.778125 0.1640625 0.04921875 0.08046875
0 0.73125 0.253125 0.0515625 0.084375
0 0.8953125 0.34921875 0.053125 0.0953125
1 0.39375 0.30078125 0.040625 0.09921875
1 0.56015625 0.36953125 0.0328125 0.096875
0 0.89921875 0.44921875 0.05 0.078125
1 0.43203125 0.30859375 0.0515625 0.10078125
0 0.69140625 0.171875 0.03828125 0.08515625
0 0.69140625 0.346875 0.0328125 0.08359375
1 0.42578125 0.40390625 0.05546875 0.0890625
0 0.83671875 0.328125 0.04609375 0.07421875
0 0.83515625 0.24140625 0.04765625 0.08046875
0 0.8296875 0.16484375 0.05234375 0.08125
1 0.58125 0.16796875 0.0453125 0.08828125
0 0.72890625 0.33671875 0.046875 0.07421875
0 0.88203125 0.1609375 0.05546875 0.0734375
1 0.5015625 0.4078125 0.05078125 0.08671875
1 0.43515625 0.21875 0.053125 0.084375
1 0.559375 0.265625 0.0296875 0.0921875
1 0.64921875 0.1703125 0.0484375 0.08828125
0 0.75703125 0.80390625 0.02890625 0.09921875
1 0.19296875 0.50703125 0.0625 0.103125
1 0.2828125 0.20078125 0.05859375 0.09765625
1 0.50078125 0.21953125 0.04765625 0.0953125
1 0.20078125 0.4078125 0.05078125 0.09296875
1 0.20390625 0.31796875 0.053125 0.11171875
1 0.35078125 0.175 0.065625 0.11796875
1 0.20546875 0.21796875 0.04140625 0.09609375
1 0.43984375 0.13828125 0.0484375 0.0515625
1 0.203125 0.140625 0.03046875 0.07265625
1 0.50078125 0.60625 0.04609375 0.10859375