0 0.2515625 0.26640625 0.07890625 0.0859375
0 0.4171875 0.36640625 0.09765625 0.11796875
0 0.6015625 0.49765625 0.1328125 0.14375
0 0.2515625 0.3625 0.07421875 0.11171875
0 0.59921875 0.346875 0.125 0.11796875
0 0.41640625 0.48203125 0.1046875 0.10859375
0 0.6015625 0.63203125 0.12734375 0.1328125
0 0.4140625 0.7546875 0.109375 0.134375
0 0.603125 0.784375 0.12890625 0.15625
0 0.2609375 0.59609375 0.0890625 0.11875
0 0.41328125 0.61953125 0.10546875 0.12109375
0 0.2609375 0.4765625 0.0859375 0.10390625
0 0.6 0.21484375 0.1234375 0.153125
0 0.26640625 0.85 0.0890625 0.14765625
0 0.26484375 0.71875 0.0890625 0.1234375
0 0.60546875 0.92421875 0.1234375 0.1515625
0 0.41328125 0.89921875 0.1109375 0.15234375
0 0.41484375 0.24453125 0.08984375 0.11484375