0 0.58984375 0.77265625 0.059375 0.13671875
0 0.73671875 0.80546875 0.065625 0.14765625
0 0.5265625 0.74609375 0.0609375 0.140625
0 0.65390625 0.76328125 0.06328125 0.1390625
0 0.6625 0.6390625 0.06171875 0.12578125
0 0.596875 0.634375 0.06328125 0.13203125
0 0.5359375 0.6171875 0.059375 0.13046875
0 0.4140625 0.6984375 0.059375 0.11015625
0 0.7375 0.67265625 0.07578125 0.121875
0 0.6671875 0.5109375 0.0625 0.1234375
0 0.540625 0.49375 0.06015625 0.12421875
0 0.425 0.5859375 0.06171875 0.11875
0 0.32109375 0.67578125 0.06484375 0.12265625
0 0.6109375 0.38125 0.0640625 0.12265625
0 0.67578125 0.384375 0.0625 0.12109375
0 0.60234375 0.5078125 0.06171875 0.1203125
0 0.6140625 0.24765625 0.0640625 0.1359375
0 0.33046875 0.56015625 0.05859375 0.11484375
0 0.54609375 0.371875 0.06328125 0.11953125
0 0.7390625 0.5375 0.07578125 0.12890625
0 0.55546875 0.2390625 0.06171875 0.12578125
0 0.4375 0.4703125 0.06328125 0.12265625
0 0.68046875 0.25234375 0.06015625 0.1265625
0 0.74765625 0.4046875 0.08203125 0.1453125
0 0.3375 0.446875 0.06328125 0.12109375
0 0.34609375 0.33125 0.065625 0.128125
0 0.4453125 0.353125 0.05859375 0.11953125
0 0.5625 0.11171875 0.0625 0.12578125
0 0.6234375 0.11796875 0.06015625 0.125
0 0.45234375 0.22578125 0.0625 0.1265625
0 0.7609375 0.25234375 0.08046875 0.146875
0 0.35546875 0.20625 0.06640625 0.1359375
0 0.68203125 0.11328125 0.0609375 0.13125
0 0.4609375 0.09609375 0.06015625 0.12734375
0 0.759375 0.115625 0.08046875 0.1484375
0 0.5078125 0.1109375 0.05078125 0.12890625
0 0.36484375 0.08125 0.06640625 0.13046875