0 0.7390625 0.76953125 0.06171875 0.1359375
1 0.40703125 0.79140625 0.06171875 0.146875
1 0.221875 0.86171875 0.0625 0.1484375
1 0.328125 0.82578125 0.06484375 0.14296875
0 0.1421875 0.69453125 0.04921875 0.146875
1 0.08203125 0.36015625 0.05078125 0.209375
0 0.025 0.4390625 0.05 0.11875
0 0.665625 0.76640625 0.06875 0.153125
0 0.14921875 0.53515625 0.06015625 0.1375
1 0.903125 0.8875 0.05703125 0.14375
1 0.221875 0.69765625 0.07421875 0.14375
0 0.1546875 0.38671875 0.059375 0.13828125
0 0.81875 0.77265625 0.0734375 0.1515625
0 0.7390625 0.6265625 0.0703125 0.14765625
1 0.40390625 0.621875 0.059375 0.0953125
1 0.07109375 0.584375 0.05703125 0.2234375
1 0.32421875 0.68046875 0.06875 0.1484375
1 0.2265625 0.54296875 0.07109375 0.13671875
1 0.40390625 0.5015625 0.06015625 0.12734375
0 0.15703125 0.23828125 0.0609375 0.13828125
0 0.471875 0.78359375 0.06171875 0.14921875
0 0.6578125 0.4953125 0.0609375 0.14140625
0 0.59296875 0.78671875 0.06640625 0.13984375
1 0.40234375 0.3640625 0.065625 0.140625
1 0.228125 0.39375 0.06640625 0.1265625
1 0.40546875 0.21796875 0.0640625 0.13125
0 0.81328125 0.62421875 0.07265625 0.14453125
0 0.73046875 0.490625 0.06796875 0.14921875
0 0.46796875 0.6359375 0.05625 0.1375
0 0.5265625 0.221875 0.0671875 0.134375
1 0.2265625 0.24765625 0.06953125 0.14296875
1 0.3296875 0.5453125 0.0703125 0.12890625
0 0.725 0.340625 0.07265625 0.14140625
1 0.33203125 0.3765625 0.075 0.1359375
0 0.53203125 0.63984375 0.06015625 0.1375
0 0.80390625 0.20546875 0.0734375 0.16328125
0 0.71484375 0.2109375 0.0703125 0.14453125
0 0.0265625 0.21875 0.05234375 0.06796875
1 0.95859375 0.53125 0.0609375 0.1015625
1 0.89140625 0.57421875 0.071875 0.12109375
0 0.0328125 0.08046875 0.06484375 0.1140625
1 0.896875 0.7171875 0.07421875 0.15703125
1 0.33828125 0.2359375 0.0734375 0.13515625
1 0.23046875 0.10390625 0.075 0.15703125
0 0.028125 0.28984375 0.05390625 0.071875
0 0.53046875 0.4953125 0.06015625 0.1328125
0 0.165625 0.0984375 0.0640625 0.1421875
0 0.0296875 0.17109375 0.05703125 0.08203125
0 0.46796875 0.21328125 0.05625 0.12890625
0 0.4671875 0.35625 0.0578125 0.13984375
1 0.3421875 0.10546875 0.07421875 0.1484375
1 0.409375 0.0953125 0.0671875 0.1328125
0 0.52890625 0.3578125 0.06015625 0.13515625
0 0.47421875 0.0828125 0.0671875 0.128125
0 0.80078125 0.0765625 0.06796875 0.15
0 0.55390625 0.92578125 0.0578125 0.146875
0 0.80390625 0.34140625 0.0703125 0.1546875
0 0.64609375 0.07890625 0.05859375 0.1140625
0 0.8078125 0.4796875 0.07421875 0.1484375
1 0.09453125 0.1484375 0.07578125 0.24453125
1 0.88203125 0.3984375 0.0640625 0.17890625
1 0.875 0.23125 0.06484375 0.15390625
0 0.653125 0.34921875 0.0765625 0.15546875
0 0.58671875 0.3515625 0.05859375 0.1390625
0 0.5859375 0.08828125 0.06015625 0.12734375
0 0.59453125 0.6359375 0.05703125 0.13203125
0 0.025 0.36171875 0.04921875 0.03515625
0 0.659375 0.63203125 0.0625 0.13203125
0 0.646875 0.2046875 0.06328125 0.13671875
0 0.53125 0.0953125 0.05234375 0.1296875
0 0.58671875 0.2203125 0.059375 0.13359375
0 0.590625 0.50234375 0.06015625 0.1421875
0 0.13828125 0.84453125 0.04609375 0.1390625
0 0.71015625 0.078125 0.05625 0.11640625
1 0.41328125 0.93671875 0.07421875 0.12578125
1 0.9703125 0.91484375 0.0578125 0.15390625
1 0.96875 0.80234375 0.05390625 0.1515625
1 0.96640625 0.66015625 0.0671875 0.13203125