0 0.553125 0.6359375 0.0671875 0.128125
0 0.6078125 0.509375 0.05625 0.11328125
0 0.6484375 0.44765625 0.00078125 0.0015625
0 0.6171875 0.6421875 0.06875 0.1484375
0 0.46875 0.4203125 0.065625 0.121875
0 0.4625 0.303125 0.06171875 0.10390625
0 0.60234375 0.39140625 0.0515625 0.11328125
0 0.54921875 0.51796875 0.05625 0.10703125
0 0.54453125 0.40546875 0.046875 0.11640625
0 0.5359375 0.296875 0.0546875 0.09765625
0 0.5890625 0.29609375 0.0578125 0.09296875
0 0.57734375 0.1953125 0.0578125 0.0890625
0 0.525 0.1890625 0.04375 0.078125
0 0.46015625 0.20078125 0.04921875 0.10546875