1 0.3234375 0.89375 0.0359375 0.11796875
0 0.3640625 0.7203125 0.03671875 0.08515625
0 0.5484375 0.76015625 0.05546875 0.12421875
1 0.76015625 0.80078125 0.05625 0.10703125
0 0.5453125 0.759375 0.0546875 0.12421875
0 0.3625 0.728125 0.0359375 0.08515625
1 0.32578125 0.89296875 0.03828125 0.134375
1 0.24453125 0.90390625 0.040625 0.12890625
0 0.6078125 0.77734375 0.06015625 0.12890625
1 0.1234375 0.91640625 0.04609375 0.1375
0 0.65859375 0.73984375 0.0515625 0.1234375
1 0.28828125 0.9 0.03515625 0.13125
1 0.2421875 0.7796875 0.03828125 0.12734375
1 0.28828125 0.77578125 0.04296875 0.1265625
1 0.753125 0.690625 0.053125 0.09140625
1 0.12421875 0.79140625 0.04140625 0.128125
0 0.5421875 0.6375 0.05078125 0.11484375
0 0.603125 0.66171875 0.06015625 0.11875
1 0.203125 0.78359375 0.0359375 0.12734375
1 0.1625 0.91484375 0.0375 0.1265625
1 0.16328125 0.78359375 0.0484375 0.13984375
1 0.20390625 0.91015625 0.034375 0.12421875
1 0.32578125 0.775 0.034375 0.125
1 0.28359375 0.6578125 0.0390625 0.1265625
0 0.6984375 0.73359375 0.04375 0.11484375
0 0.3609375 0.33203125 0.0359375 0.05859375
1 0.24296875 0.6546875 0.0390625 0.12578125
1 0.2046875 0.66015625 0.0359375 0.12421875
1 0.12265625 0.66484375 0.03828125 0.12265625
0 0.596875 0.54765625 0.0578125 0.10390625
1 0.28515625 0.540625 0.0390625 0.12578125
1 0.15859375 0.66171875 0.04609375 0.1296875
0 0.5390625 0.415625 0.0453125 0.109375
1 0.753125 0.58515625 0.059375 0.1265625
0 0.65078125 0.62578125 0.0484375 0.11484375
1 0.1265625 0.5375 0.03984375 0.115625
0 0.35859375 0.40625 0.03515625 0.08125
1 0.24453125 0.5328125 0.03984375 0.115625
0 0.5859375 0.33984375 0.0546875 0.1078125
1 0.203125 0.41328125 0.03671875 0.11171875
0 0.36015625 0.63828125 0.0375 0.0703125
0 0.35546875 0.253125 0.034375 0.07578125
1 0.321875 0.534375 0.03359375 0.1125
0 0.7 0.62578125 0.04375 0.11015625
1 0.24375 0.4109375 0.03515625 0.103125
1 0.16328125 0.41328125 0.0421875 0.11171875
0 0.53203125 0.30859375 0.04765625 0.11015625
1 0.31953125 0.41875 0.03359375 0.10703125
0 0.359375 0.55078125 0.034375 0.078125
0 0.5421875 0.525 0.046875 0.10390625
1 0.203125 0.5359375 0.03828125 0.1125
0 0.6453125 0.52109375 0.04921875 0.10625
0 0.359375 0.471875 0.03515625 0.06953125
0 0.6390625 0.409375 0.05078125 0.10234375
1 0.16484375 0.53671875 0.040625 0.11484375
0 0.6921875 0.51484375 0.04453125 0.0984375
1 0.203125 0.3046875 0.03984375 0.13203125
0 0.68828125 0.40078125 0.040625 0.084375
1 0.31953125 0.3234375 0.03671875 0.12421875
1 0.128125 0.29609375 0.03671875 0.12421875
1 0.24375 0.30546875 0.03828125 0.13125
0 0.58125 0.23203125 0.0515625 0.10546875
0 0.41015625 0.74765625 0.04765625 0.08515625
1 0.1265625 0.409375 0.03515625 0.1078125
0 0.4078125 0.58125 0.04453125 0.06796875
1 0.278125 0.31171875 0.03828125 0.12578125
0 0.63203125 0.3109375 0.04921875 0.10625
1 0.28125 0.415625 0.0375 0.11171875
0 0.40703125 0.6625 0.04609375 0.0859375
0 0.40703125 0.4296875 0.04375 0.0875
0 0.5265625 0.21484375 0.04609375 0.09296875
0 0.68046875 0.309375 0.0453125 0.10703125
1 0.24375 0.18984375 0.03984375 0.103125
1 0.20546875 0.18671875 0.03671875 0.1
0 0.62890625 0.21875 0.05234375 0.08828125
0 0.4078125 0.5015625 0.04375 0.07109375
0 0.40546875 0.35 0.04375 0.0859375
0 0.59140625 0.45 0.05546875 0.08984375
1 0.32890625 0.653125 0.03515625 0.13359375
1 0.1609375 0.29140625 0.05078125 0.11484375
0 0.675 0.2171875 0.0453125 0.08828125
1 0.31796875 0.2046875 0.0375 0.10546875
0 0.40546875 0.26953125 0.0421875 0.0765625
0 0.4046875 0.19765625 0.04375 0.07421875
1 0.16875 0.1828125 0.03515625 0.1015625
1 0.27890625 0.1921875 0.0359375 0.10234375
0 0.73671875 0.30390625 0.04921875 0.12734375
1 0.12734375 0.1796875 0.0359375 0.1
0 0.72265625 0.2171875 0.04921875 0.0875