1 0.70546875 0.759375 0.05546875 0.103125
1 0.70078125 0.75859375 0.05 0.10078125
1 0.5421875 0.6671875 0.05078125 0.1
1 0.69921875 0.46796875 0.05234375 0.12109375
1 0.70234375 0.34375 0.046875 0.1015625
1 0.6078125 0.76640625 0.04453125 0.1015625
1 0.49375 0.3484375 0.04609375 0.10078125
1 0.54375 0.76875 0.04375 0.09921875
1 0.44296875 0.7703125 0.03984375 0.0984375
1 0.44375 0.56796875 0.03984375 0.09296875
1 0.65234375 0.5484375 0.04453125 0.1
1 0.446875 0.246875 0.04375 0.1078125
1 0.44375 0.35390625 0.0421875 0.1
1 0.48671875 0.246875 0.04375 0.11015625
1 0.65390625 0.6625 0.0421875 0.09453125
1 0.70390625 0.55703125 0.04375 0.1
1 0.53984375 0.5546875 0.05234375 0.0828125
1 0.6046875 0.6640625 0.0421875 0.09609375
1 0.49375 0.76953125 0.04140625 0.09609375
1 0.446875 0.4640625 0.04296875 0.10234375
1 0.65234375 0.45390625 0.04453125 0.09765625
1 0.70390625 0.65859375 0.04140625 0.09765625
1 0.65546875 0.76015625 0.04140625 0.0953125
1 0.5453125 0.4625 0.04453125 0.1
1 0.49375 0.56171875 0.04453125 0.103125
1 0.54609375 0.35625 0.04296875 0.096875
1 0.7 0.2359375 0.04609375 0.11015625
1 0.49453125 0.66953125 0.03984375 0.09375
1 0.60390625 0.55703125 0.04453125 0.10546875
1 0.44453125 0.66484375 0.03984375 0.09296875
1 0.65 0.3515625 0.0453125 0.09453125
1 0.60234375 0.3546875 0.04140625 0.1
1 0.5953125 0.24609375 0.04296875 0.10859375
1 0.49453125 0.4625 0.04296875 0.1015625
1 0.60390625 0.45703125 0.03984375 0.1
1 0.64765625 0.2421875 0.04765625 0.10859375
1 0.54453125 0.24921875 0.040625 0.1046875
1 0.38515625 0.64296875 0.04140625 0.0984375
1 0.38828125 0.5453125 0.0375 0.0859375
1 0.38828125 0.45 0.040625 0.0953125
1 0.39453125 0.34609375 0.04375 0.0953125
1 0.3953125 0.24375 0.0453125 0.10703125
1 0.34375 0.2375 0.05078125 0.09296875
1 0.340625 0.33828125 0.0484375 0.10703125
1 0.3421875 0.44140625 0.04375 0.1
0 0.309375 0.7515625 0.05234375 0.10546875
0 0.30859375 0.65 0.04609375 0.0921875
0 0.3046875 0.54609375 0.04765625 0.10703125
0 0.30234375 0.44453125 0.04375 0.0953125
0 0.3 0.3421875 0.04609375 0.1078125
0 0.296875 0.234375 0.040625 0.10703125
0 0.2515625 0.23515625 0.04921875 0.10859375
0 0.24921875 0.34453125 0.0453125 0.1125
0 0.24921875 0.453125 0.0453125 0.10546875
0 0.2484375 0.553125 0.04453125 0.09453125
0 0.25234375 0.6484375 0.034375 0.11328125
0 0.25625 0.7453125 0.04296875 0.0921875
0 0.20703125 0.71953125 0.034375 0.08515625
0 0.20546875 0.63515625 0.03125 0.07578125
0 0.20390625 0.55703125 0.03359375 0.08046875
0 0.20625 0.471875 0.034375 0.0734375
0 0.20234375 0.38984375 0.0328125 0.084375
0 0.20859375 0.296875 0.03203125 0.09609375
0 0.20703125 0.21484375 0.0296875 0.065625